0.058493 0.872626 0.000010 0.068871
0.642807 0.050401 0.025840 0.280953
0.609442 0.035620 0.007259 0.347679
0.830084 0.009912 0.000010 0.159994
0.619770 0.079319 0.032657 0.268254
0.579838 0.034553 0.013842 0.371767
0.201130 0.722412 0.016311 0.060147
0.765225 0.043170 0.050270 0.141335
0.764281 0.005093 0.060961 0.169664
0.743955 0.022711 0.017475 0.215858
0.582574 0.087305 0.013032 0.317089
0.069561 0.009902 0.920527 0.000010
0.339138 0.267784 0.209877 0.183201
0.314872 0.000010 0.013928 0.671190
0.509975 0.034429 0.045470 0.410126
0.000010 0.000010 0.012859 0.987121
0.169076 0.028386 0.033693 0.768845
0.584695 0.068400 0.000010 0.346895
0.612528 0.024453 0.014366 0.348653
0.751453 0.000010 0.035060 0.213477
0.714031 0.229795 0.056163 0.000010
0.737019 0.029664 0.021889 0.211428
0.120706 0.040222 0.638740 0.200332
0.559982 0.033473 0.000010 0.406535
0.497045 0.000010 0.049669 0.453276
0.751398 0.015845 0.036584 0.196173
0.562955 0.036255 0.011527 0.389264
0.656677 0.019942 0.034902 0.288479
0.650885 0.059709 0.024312 0.265094
0.065384 0.934596 0.000010 0.000010
0.157115 0.006151 0.834783 0.001952
0.767028 0.080621 0.045090 0.107261
0.000010 0.999970 0.000010 0.000010
0.569818 0.098435 0.053324 0.278423
0.837305 0.010644 0.053433 0.098618
0.631417 0.080152 0.030248 0.258183
0.758662 0.043177 0.004968 0.193193
0.693306 0.037919 0.025172 0.243603
0.655044 0.069108 0.008529 0.267319
0.672330 0.039664 0.020270 0.267736
0.434347 0.046184 0.000010 0.519458
0.752238 0.023516 0.038666 0.185580
0.662880 0.031006 0.015498 0.290616
0.810193 0.065447 0.013061 0.111299
0.111427 0.011674 0.876889 0.000010
0.078281 0.047579 0.797694 0.076447
0.668874 0.091133 0.034650 0.205343
0.662467 0.062041 0.000010 0.275482
0.384370 0.029752 0.012909 0.572969
0.673421 0.041161 0.025752 0.259666
0.542094 0.000010 0.015410 0.442486
0.744043 0.018554 0.043773 0.193630
0.663697 0.041715 0.013614 0.280974
0.749115 0.065481 0.054969 0.130436
0.076626 0.001000 0.772903 0.149471
0.623735 0.007512 0.005685 0.363068
0.712885 0.054701 0.039054 0.193360
0.714337 0.030327 0.036751 0.218586
0.663814 0.068069 0.014128 0.253989
0.434232 0.009747 0.039704 0.516317
0.597750 0.029895 0.045858 0.326497
0.361224 0.071142 0.501929 0.065705
0.792966 0.018064 0.027401 0.161569
0.000010 0.000010 0.999970 0.000010
0.708273 0.009448 0.042867 0.239412
0.660692 0.002465 0.013661 0.323183
0.604417 0.017076 0.018540 0.359967
0.678733 0.023577 0.026166 0.271525
0.568727 0.088113 0.043864 0.299296
0.721191 0.036934 0.008906 0.232969
0.774231 0.026602 0.020685 0.178481
0.653753 0.115865 0.020584 0.209797
0.048496 0.832836 0.000010 0.118657
0.814264 0.000010 0.000010 0.185716
0.651420 0.074005 0.000010 0.274566
0.718497 0.000010 0.087021 0.194472
0.727259 0.017508 0.023028 0.232205
0.679529 0.068993 0.054588 0.196890
0.564704 0.041315 0.039270 0.354711
0.356659 0.000010 0.048959 0.594371
0.102667 0.104971 0.720122 0.072240
0.000010 0.933898 0.000010 0.066082
0.041949 0.841777 0.017333 0.098941
0.000010 0.911489 0.000010 0.088491
0.070478 0.929502 0.000010 0.000010
0.433443 0.019830 0.000010 0.546718
0.713196 0.063605 0.027597 0.195602
0.620938 0.014784 0.020113 0.344165
0.593737 0.067136 0.047709 0.291417
0.581990 0.055544 0.037589 0.324877
0.747721 0.013747 0.038226 0.200305
0.747575 0.060983 0.001316 0.190126
0.636004 0.080993 0.048460 0.234543
0.826451 0.015426 0.054439 0.103685
0.735013 0.014059 0.049392 0.201536
0.551477 0.020543 0.021396 0.406584
0.522241 0.040591 0.035975 0.401193
0.678737 0.000010 0.046448 0.274805
0.656031 0.032945 0.000010 0.311014
0.738351 0.037415 0.047751 0.176483
0.569283 0.055545 0.050883 0.324288
0.704526 0.043233 0.021407 0.230834
0.323102 0.018586 0.000010 0.658302
0.580801 0.048893 0.029471 0.340835
0.458098 0.088196 0.000010 0.453696
0.586356 0.052406 0.043940 0.317299
0.219301 0.350648 0.268910 0.161141
0.084650 0.002565 0.912775 0.000010
0.688587 0.123567 0.043134 0.144711
0.734183 0.071732 0.028191 0.165894
0.683631 0.010316 0.057301 0.248751
0.079118 0.103097 0.808033 0.009752
0.761439 0.047300 0.000010 0.191251
0.459825 0.005246 0.000010 0.534919
0.539587 0.000010 0.034935 0.425468
0.731572 0.042201 0.035006 0.191221
0.629028 0.016415 0.053868 0.300688
0.465586 0.000010 0.009258 0.525146
0.712661 0.008740 0.000010 0.278589
0.640685 0.057135 0.029049 0.273131
0.161526 0.062873 0.627179 0.148422
0.691004 0.025135 0.022703 0.261157
0.668600 0.050180 0.052898 0.228322
0.602454 0.022102 0.000289 0.375155
0.167066 0.099589 0.539770 0.193575
0.576848 0.016732 0.041898 0.364521
0.746754 0.027637 0.047772 0.177837
0.723399 0.053214 0.031286 0.192101
0.673765 0.044676 0.023283 0.258277
0.059205 0.000010 0.939464 0.001321
0.083788 0.137066 0.049174 0.729972
0.754719 0.028004 0.054259 0.163018
0.000010 0.903043 0.008203 0.088744
0.556352 0.000010 0.045414 0.398224
0.783829 0.043188 0.018549 0.154434
0.507537 0.000010 0.023088 0.469365
0.619812 0.000010 0.072719 0.307459
0.847328 0.039935 0.007995 0.104743
0.570978 0.085966 0.006905 0.336151
0.659872 0.040227 0.035161 0.264740
0.609193 0.031368 0.024778 0.334661
0.700492 0.037421 0.029346 0.232741
0.849399 0.012300 0.027373 0.110927
0.640359 0.047157 0.042566 0.269918
0.000010 0.961135 0.000010 0.038845
0.664183 0.086657 0.025431 0.223729
0.701665 0.032538 0.026069 0.239728
0.676971 0.000010 0.018188 0.304831
0.787361 0.037675 0.046160 0.128803
0.747485 0.046059 0.021774 0.184682
0.303570 0.032796 0.000010 0.663625
0.490462 0.013055 0.054406 0.442076
0.721202 0.042806 0.040576 0.195416
0.656684 0.030598 0.037739 0.274978
0.429385 0.000010 0.006954 0.563651
0.666431 0.071866 0.012806 0.248897
0.326959 0.137995 0.024923 0.510123
0.632579 0.046750 0.008808 0.311863
0.568776 0.119337 0.002850 0.309037
0.568927 0.082392 0.000010 0.348671
0.743848 0.045307 0.021019 0.189826
0.048776 0.858506 0.000010 0.092708
0.000599 0.074832 0.000010 0.924559
0.568982 0.035686 0.000010 0.395322
0.588410 0.058762 0.000010 0.352818
0.602890 0.086506 0.038996 0.271607
0.870977 0.032210 0.051892 0.044921
0.672416 0.026255 0.031673 0.269656
0.655161 0.043339 0.056665 0.244836
0.694308 0.015545 0.053871 0.236276
0.778137 0.194327 0.027526 0.000010
0.538610 0.121038 0.032437 0.307915
0.623806 0.031526 0.044125 0.300543
0.149043 0.071216 0.006335 0.773405
0.615918 0.056251 0.011397 0.316434
0.674106 0.050153 0.016078 0.259663
0.775936 0.065263 0.044906 0.113894
0.055495 0.944485 0.000010 0.000010
0.571740 0.146477 0.033294 0.248489
0.000010 0.994679 0.005301 0.000010
0.851433 0.024686 0.083763 0.040118
0.355185 0.491777 0.072545 0.080493
0.000010 0.877333 0.035203 0.087454
0.714832 0.035933 0.026949 0.222286
0.297511 0.183854 0.509369 0.009266
0.457204 0.044105 0.025893 0.472798
0.714680 0.060643 0.011796 0.212881
0.512937 0.023057 0.017091 0.446914
0.539614 0.086469 0.023630 0.350287
0.098731 0.000010 0.887474 0.013785
0.634044 0.109479 0.038857 0.217619
0.855003 0.022185 0.053827 0.068984
0.837015 0.047141 0.016638 0.099207
0.828635 0.031127 0.023633 0.116605
0.138571 0.030604 0.830815 0.000010
0.685672 0.004986 0.048597 0.260745
0.476446 0.000010 0.025349 0.498194
0.350085 0.275897 0.129560 0.244458
0.517204 0.248934 0.054232 0.179630
0.751926 0.061670 0.041560 0.144845
0.710507 0.032712 0.033449 0.223332
0.575377 0.031359 0.032151 0.361114
0.000010 0.000010 0.999970 0.000010
0.000010 0.906277 0.015229 0.078484
0.011430 0.943772 0.042908 0.001890
0.000010 0.000010 0.999970 0.000010
0.772010 0.041550 0.029287 0.157154
0.717843 0.063553 0.000010 0.218594
0.743858 0.054809 0.031481 0.169852
0.644441 0.000010 0.025788 0.329760
0.653361 0.052120 0.020468 0.274050
0.000644 0.148730 0.026986 0.823640
0.035074 0.783677 0.050993 0.130256
0.112847 0.625690 0.261454 0.000010
0.694766 0.055287 0.059367 0.190580
0.385812 0.000010 0.039018 0.575160
0.221068 0.131388 0.484766 0.162779
0.630586 0.037839 0.028001 0.303574
0.365691 0.040697 0.043149 0.550463
0.603016 0.052116 0.005509 0.339359
0.570987 0.040674 0.016113 0.372226
0.677796 0.083795 0.011268 0.227140
0.404400 0.010908 0.035115 0.549577
0.693752 0.000010 0.024948 0.281290
0.712858 0.039105 0.039630 0.208406
0.701673 0.052230 0.030986 0.215111
0.854813 0.052461 0.033498 0.059228
0.709785 0.035366 0.014707 0.240142
0.681011 0.118795 0.049462 0.150731
0.058508 0.053452 0.817303 0.070737
0.019149 0.780897 0.024790 0.175165
0.666411 0.027615 0.054204 0.251770
0.630540 0.039083 0.014970 0.315406
0.596257 0.065208 0.000010 0.338525
0.612165 0.080711 0.026371 0.280753
0.649467 0.072577 0.029752 0.248203
0.745073 0.039218 0.043325 0.172383
0.385536 0.033009 0.031793 0.549663
0.550046 0.059951 0.038581 0.351423
0.579195 0.054852 0.013803 0.352149
0.573148 0.063931 0.042774 0.320146
0.092091 0.797084 0.029427 0.081398
0.750501 0.062558 0.008886 0.178055
0.703408 0.039840 0.046984 0.209767
0.536831 0.093016 0.014543 0.355610
0.031680 0.918947 0.036469 0.012903
0.075340 0.910309 0.014341 0.000010
0.018712 0.981268 0.000010 0.000010
0.763386 0.048141 0.066782 0.121691
0.600676 0.067358 0.015861 0.316105
0.015549 0.151311 0.061470 0.771670
0.367792 0.087576 0.045094 0.499538
0.609876 0.073726 0.013899 0.302499
0.321994 0.441732 0.103559 0.132715
0.736647 0.055790 0.016738 0.190825
0.732808 0.075443 0.055506 0.136244
0.757097 0.162925 0.079967 0.000010
0.640770 0.056441 0.022320 0.280470
0.603569 0.123019 0.036895 0.236518
0.754106 0.027487 0.018008 0.200399
0.699832 0.055270 0.036966 0.207932
0.434725 0.056243 0.000010 0.509021
0.670820 0.063073 0.031140 0.234968
0.782719 0.027149 0.061550 0.128582
0.608802 0.066729 0.011295 0.313175
0.652042 0.048790 0.041200 0.257968
0.106613 0.879283 0.011945 0.002158
0.044307 0.925140 0.030543 0.000010
0.646639 0.038408 0.000010 0.314944
0.612737 0.058529 0.027840 0.300895
0.767228 0.016724 0.086727 0.129321
0.556404 0.189510 0.023090 0.230996
0.474572 0.042385 0.051237 0.431806
0.655917 0.286163 0.054306 0.003615
0.692020 0.075663 0.006070 0.226247
0.000010 0.043171 0.020493 0.936326
0.637505 0.011994 0.038360 0.312142
0.447761 0.008032 0.047215 0.496992
0.610436 0.039293 0.032384 0.317887
0.672338 0.013871 0.020938 0.292853
0.890281 0.026923 0.033161 0.049635
0.007646 0.945515 0.000010 0.046829
0.125265 0.048804 0.817304 0.008627
0.714946 0.000010 0.057468 0.227576
0.765028 0.066293 0.060293 0.108387
0.369543 0.039146 0.001013 0.590298
0.599201 0.061387 0.024037 0.315375
0.857197 0.054320 0.011890 0.076593
0.678255 0.037692 0.019697 0.264356
0.785581 0.045533 0.039397 0.129489
0.616288 0.032912 0.000010 0.350790
0.452354 0.000010 0.007510 0.540126
0.798608 0.010459 0.016740 0.174193
0.715148 0.244699 0.040144 0.000010
0.750042 0.041631 0.005106 0.203222
0.332892 0.064696 0.011300 0.591112
0.550036 0.059570 0.032259 0.358135
0.610528 0.085415 0.040677 0.263380
0.556138 0.071834 0.007672 0.364357
0.500390 0.050169 0.030310 0.419131
0.567883 0.010656 0.022637 0.398824
0.744549 0.063871 0.019326 0.172253
0.665737 0.059916 0.003816 0.270531
0.720978 0.006600 0.039667 0.232756
0.706350 0.022055 0.037825 0.233770
0.749295 0.040532 0.055442 0.154731
0.115214 0.842769 0.042007 0.000010
0.111221 0.857064 0.019785 0.011930
0.668235 0.057603 0.026479 0.247683
0.000010 0.032228 0.937210 0.030551
0.807224 0.050057 0.052694 0.090025
0.553829 0.007401 0.056348 0.382422
0.694354 0.007787 0.040017 0.257841
0.661004 0.056415 0.030108 0.252472
0.573748 0.054820 0.006526 0.364906
0.719717 0.002807 0.022570 0.254906
0.480168 0.020822 0.040266 0.458744
0.632446 0.087438 0.048886 0.231230
0.706317 0.098938 0.022418 0.172328
0.659320 0.119506 0.010646 0.210528
0.666123 0.034046 0.032452 0.267379
0.578536 0.017722 0.037865 0.365877
0.214132 0.019222 0.035686 0.730960
0.516091 0.041599 0.000339 0.441971
0.776473 0.076529 0.014921 0.132077
0.470441 0.017141 0.018575 0.493843
0.000010 0.000010 0.999970 0.000010
0.731776 0.024279 0.005121 0.238825
0.564253 0.025278 0.041941 0.368528
0.156313 0.090868 0.552467 0.200352
0.767814 0.083829 0.000010 0.148347
0.854609 0.000010 0.054065 0.091316
0.940598 0.032574 0.026818 0.000010
0.559304 0.029154 0.046016 0.365526
0.000010 0.969875 0.000010 0.030105
0.000010 0.849351 0.017183 0.133456
0.842729 0.036194 0.016947 0.104130
0.288854 0.033141 0.448870 0.229135
0.538915 0.100071 0.028495 0.332519
0.610853 0.049982 0.034896 0.304269
0.730506 0.126390 0.061816 0.081288
0.835927 0.028091 0.029627 0.106356
0.733185 0.050631 0.032489 0.183694
0.634170 0.015248 0.000010 0.350572
0.821978 0.006821 0.063571 0.107629
0.000010 0.958769 0.000010 0.041211
0.003065 0.886791 0.072282 0.037862
0.742327 0.069157 0.016809 0.171708
0.623699 0.043333 0.035107 0.297862
0.234085 0.130699 0.502772 0.132443
0.689423 0.059700 0.026885 0.223991
0.664826 0.019983 0.038322 0.276870
0.554331 0.026230 0.043631 0.375809
0.536773 0.000010 0.031391 0.431826
0.646952 0.070293 0.039575 0.243179
0.588626 0.037903 0.007371 0.366100
0.735206 0.012916 0.000010 0.251868
0.557893 0.000010 0.042109 0.399988
0.639486 0.000010 0.013325 0.347179
0.628929 0.067106 0.025741 0.278224
0.609738 0.073732 0.053716 0.262813
0.050857 0.818229 0.083473 0.047440
0.368931 0.017864 0.020674 0.592531
0.491146 0.097335 0.074049 0.337470
0.442448 0.138840 0.070470 0.348242
0.671432 0.000010 0.061760 0.266798
0.731502 0.045277 0.037924 0.185297
0.587542 0.048092 0.016245 0.348121
0.617257 0.045776 0.038941 0.298025
0.504668 0.038814 0.040981 0.415537
0.627806 0.053550 0.014836 0.303808
0.546782 0.044046 0.057403 0.351769
0.737298 0.012783 0.026614 0.223305
0.405217 0.000010 0.000010 0.594763
0.748838 0.018641 0.062865 0.169656
0.126704 0.862637 0.010649 0.000010
0.664797 0.024192 0.039710 0.271301
0.661136 0.039991 0.061681 0.237192
0.765798 0.006323 0.027812 0.200067
0.560373 0.000010 0.044970 0.394647
0.674828 0.023976 0.010001 0.291195
0.518755 0.043041 0.035987 0.402216
0.430872 0.000010 0.023376 0.545742
0.738952 0.201826 0.059212 0.000010
0.710053 0.035905 0.047561 0.206481
0.191186 0.000010 0.003785 0.805019
0.694279 0.043600 0.017431 0.244690
0.169977 0.001357 0.034094 0.794573
0.787126 0.035328 0.016968 0.160578
0.677442 0.005216 0.052723 0.264619
0.682441 0.045693 0.000010 0.271856
0.000010 0.794720 0.027045 0.178225
0.626067 0.081939 0.003048 0.288946
0.000010 0.000010 0.999970 0.000010
0.290461 0.520943 0.005036 0.183560
0.652630 0.063339 0.035180 0.248851
0.028887 0.093694 0.000010 0.877409
0.677275 0.055166 0.009135 0.258424
0.765884 0.057849 0.046757 0.129510
0.679124 0.085516 0.040427 0.194934
0.226815 0.069937 0.440174 0.263074
0.512547 0.027518 0.031259 0.428676
0.639689 0.013736 0.086548 0.260026
0.663164 0.064159 0.023790 0.248888
0.434183 0.000010 0.034021 0.531786
0.110226 0.000010 0.889754 0.000010
0.656603 0.233417 0.018337 0.091642
0.518008 0.116834 0.012661 0.352498
0.753039 0.116501 0.030662 0.099799
0.000010 0.999970 0.000010 0.000010
0.477095 0.101394 0.045023 0.376488
0.782765 0.085584 0.029493 0.102159
0.608030 0.004408 0.024607 0.362955
0.049331 0.950649 0.000010 0.000010
0.630671 0.043910 0.000010 0.325410
0.462340 0.062616 0.036375 0.438669
0.630226 0.066773 0.035680 0.267321
0.664893 0.000746 0.017117 0.317245
0.084498 0.915482 0.000010 0.000010
0.656841 0.026046 0.054620 0.262493
0.064919 0.935061 0.000010 0.000010
0.525372 0.000010 0.027388 0.447230
0.630817 0.039252 0.084416 0.245515
0.668197 0.000183 0.018534 0.313086
0.753973 0.028901 0.042949 0.174177
0.876771 0.043902 0.026520 0.052807
0.799525 0.026906 0.056058 0.117510
0.000010 0.000010 0.999970 0.000010
0.954092 0.012361 0.033538 0.000010
0.777460 0.026203 0.080476 0.115861
0.378134 0.000010 0.035277 0.586579
0.707373 0.046433 0.003870 0.242324
0.136232 0.843170 0.020588 0.000010
0.537370 0.015286 0.075889 0.371455
0.634039 0.040009 0.040240 0.285711
0.221157 0.556375 0.124417 0.098051
0.668200 0.019848 0.000010 0.311942
0.794374 0.067225 0.033491 0.104910
0.681066 0.022731 0.060074 0.236129
0.135721 0.635173 0.053518 0.175588
0.755922 0.036233 0.078997 0.128848
0.706526 0.054381 0.052440 0.186653
0.034307 0.923877 0.013431 0.028385
0.706055 0.026118 0.041999 0.225828
0.530928 0.075047 0.103943 0.290082
0.656436 0.097131 0.021563 0.224871
0.710156 0.044655 0.016918 0.228272
0.759836 0.031963 0.045373 0.162829
0.719824 0.042845 0.025843 0.211488
0.687572 0.079799 0.000010 0.232619
0.701505 0.041020 0.022063 0.235413
0.645871 0.057119 0.043465 0.253545
0.749078 0.000824 0.073097 0.177001
0.835164 0.042904 0.046655 0.075277
0.780506 0.052497 0.026466 0.140531
0.712262 0.000010 0.072981 0.214747
0.625891 0.105191 0.012670 0.256248
0.473066 0.000010 0.015359 0.511566
0.692674 0.020090 0.019895 0.267341
0.061999 0.937981 0.000010 0.000010
0.758159 0.009692 0.049455 0.182694
0.045765 0.052861 0.000010 0.901364
0.460369 0.000010 0.012572 0.527049
0.744569 0.040476 0.000010 0.214945
0.586048 0.049809 0.049374 0.314769
0.597731 0.079570 0.000010 0.322689
0.397079 0.096175 0.057186 0.449560
0.645765 0.055823 0.028756 0.269655
0.729231 0.006531 0.020569 0.243668
0.722060 0.175458 0.064326 0.038156
0.774488 0.084257 0.036206 0.105049
0.564507 0.000010 0.038897 0.396586
0.417383 0.021998 0.007384 0.553235
0.662497 0.065812 0.015712 0.255979
0.626340 0.020002 0.062574 0.291083
0.641017 0.000010 0.039547 0.319426
0.226612 0.651513 0.044337 0.077539
0.192748 0.126189 0.554600 0.126463
0.829404 0.000010 0.028818 0.141768
0.716790 0.045406 0.017006 0.220798
0.677531 0.099861 0.029445 0.193163
0.384499 0.335529 0.115145 0.164827
0.194789 0.142625 0.508037 0.154548
0.084876 0.116348 0.041818 0.756958
0.099788 0.051210 0.739436 0.109565
0.344126 0.259291 0.167227 0.229355
0.717599 0.036915 0.034111 0.211374
0.773860 0.028262 0.055541 0.142337
0.635445 0.031648 0.000010 0.332898
0.022205 0.070179 0.899622 0.007993
0.738682 0.029192 0.051294 0.180832
0.000010 0.000010 0.999970 0.000010
0.745633 0.030272 0.016178 0.207917
0.699403 0.020710 0.023155 0.256733
0.536123 0.125021 0.035015 0.303841
0.795100 0.030073 0.045587 0.129241
0.396137 0.037520 0.012628 0.553716
0.625017 0.097811 0.060793 0.216379
0.757129 0.169325 0.073536 0.000010
0.658386 0.025926 0.036452 0.279236
0.462822 0.000010 0.012392 0.524776
0.570309 0.000010 0.064872 0.364809
0.741290 0.027218 0.051129 0.180362
0.502082 0.061635 0.008467 0.427816
0.599931 0.058967 0.007686 0.333416
0.652695 0.019102 0.070447 0.257756
0.772182 0.005592 0.000010 0.222215
0.573165 0.124658 0.052818 0.249360
0.671507 0.027145 0.017548 0.283800
0.488737 0.047919 0.016350 0.446994
0.773110 0.014022 0.062347 0.150521
0.101090 0.135258 0.099795 0.663858
0.636916 0.053003 0.000010 0.310071
0.224492 0.176304 0.509822 0.089381
0.547220 0.023148 0.028290 0.401343
0.589269 0.062799 0.057351 0.290580
0.117347 0.035096 0.847547 0.000010
0.423703 0.000010 0.000010 0.576277
0.749692 0.033201 0.031799 0.185308
0.835768 0.026107 0.053824 0.084301
0.039893 0.940093 0.012418 0.007595
0.688071 0.113153 0.054108 0.144668
0.657580 0.051814 0.035476 0.255131
0.478432 0.291041 0.143494 0.087033
0.182887 0.134110 0.000010 0.682993
0.090943 0.878851 0.030196 0.000010
0.000010 0.050243 0.826901 0.122846
0.762690 0.045537 0.046911 0.144862
0.722757 0.018861 0.020590 0.237792
0.635771 0.069770 0.038251 0.256208
0.682440 0.097379 0.039249 0.180933
0.111347 0.025748 0.011608 0.851297
0.600186 0.034397 0.021215 0.344202
0.037531 0.868283 0.033213 0.060973
0.605727 0.000010 0.001926 0.392337
0.730640 0.070278 0.003754 0.195328
0.775651 0.109572 0.010146 0.104632
0.006877 0.922966 0.014730 0.055427
0.621957 0.010106 0.067261 0.300675
0.499966 0.003486 0.061542 0.435006
0.646647 0.018695 0.034156 0.300501
0.710552 0.069777 0.057495 0.162176
0.544139 0.033114 0.000010 0.422737
0.771085 0.000010 0.052556 0.176350
0.297460 0.240902 0.410947 0.050690
0.010866 0.000010 0.989114 0.000010
0.515098 0.039415 0.034956 0.410530
0.548777 0.058009 0.012106 0.381108
0.592972 0.074232 0.032640 0.300156
0.586385 0.066064 0.000010 0.347541
0.585479 0.038493 0.005587 0.370442
0.081947 0.846127 0.013329 0.058596
0.093497 0.905587 0.000906 0.000010
0.028743 0.862949 0.005383 0.102926
0.684730 0.055393 0.070481 0.189396
0.810349 0.086402 0.011464 0.091786
0.805774 0.043773 0.034091 0.116362
0.016152 0.920100 0.023284 0.040464
0.710854 0.004664 0.005682 0.278801
0.734305 0.043334 0.017965 0.204396
0.055836 0.920078 0.024076 0.000010
0.610884 0.001211 0.016612 0.371292
0.714964 0.047574 0.046207 0.191256
0.079269 0.902157 0.018564 0.000010
0.000010 0.865178 0.000010 0.134802
0.786636 0.173905 0.014676 0.024782
0.697881 0.030263 0.036001 0.235855
0.691138 0.047267 0.013511 0.248083
0.697605 0.067512 0.000010 0.234873
0.726268 0.061423 0.050716 0.161594
0.708396 0.034434 0.043003 0.214168
0.000010 0.068781 0.749524 0.181685
0.064099 0.148000 0.664085 0.123816
0.849011 0.038889 0.013194 0.098907
0.000010 0.978146 0.021834 0.000010
0.000010 0.974715 0.025265 0.000010
0.663250 0.060385 0.028615 0.247750
0.000010 0.000010 0.957491 0.042489
0.669445 0.058853 0.055084 0.216618
0.640811 0.042786 0.000010 0.316392
0.000010 0.978789 0.021191 0.000010
0.911642 0.063348 0.025000 0.000010
0.384586 0.123605 0.071829 0.419980
0.026019 0.973961 0.000010 0.000010
0.740094 0.046799 0.049363 0.163744
0.000010 0.132198 0.027891 0.839900
0.000010 0.046691 0.790138 0.163160
0.775570 0.014131 0.000010 0.210288
0.508852 0.064452 0.041696 0.385000
0.146508 0.202044 0.058865 0.592583
0.697163 0.000010 0.052860 0.249967
0.526477 0.078183 0.069240 0.326099
0.797678 0.045724 0.034938 0.121660
0.126462 0.817626 0.055902 0.000010
0.005029 0.921275 0.026899 0.046797
0.000010 0.999970 0.000010 0.000010
0.000010 0.981407 0.018573 0.000010
0.000010 0.999970 0.000010 0.000010
0.807857 0.009438 0.027977 0.154727
0.000010 0.084600 0.018232 0.897158
0.717978 0.001617 0.014266 0.266139
0.060898 0.033759 0.761982 0.143360
0.861190 0.000010 0.043686 0.095115
0.539231 0.048562 0.014736 0.397471
0.265261 0.269065 0.160111 0.305563
0.628762 0.048240 0.007502 0.315496
0.569268 0.037683 0.015547 0.377502
0.605984 0.097965 0.027800 0.268250
0.439897 0.061837 0.056270 0.441996
0.572953 0.050875 0.063636 0.312536
0.603473 0.075422 0.036610 0.284494
0.086438 0.186482 0.074420 0.652660
0.000010 0.904564 0.000010 0.095416
0.798653 0.000112 0.045537 0.155699
0.181186 0.100073 0.540280 0.178461
0.000010 0.999970 0.000010 0.000010
0.000010 0.913554 0.059511 0.026925
0.708755 0.062739 0.013383 0.215123
0.000010 0.996892 0.003088 0.000010
0.000010 0.990275 0.009705 0.000010
0.625662 0.036237 0.022920 0.315182
0.585892 0.032773 0.002525 0.378810
0.838306 0.018342 0.037908 0.105444
0.581277 0.033132 0.008410 0.377180
0.758968 0.023913 0.054441 0.162678
0.166134 0.431732 0.089065 0.313069
0.566594 0.033341 0.018131 0.381934
0.064632 0.929698 0.000010 0.005660
0.018743 0.060500 0.770729 0.150027
0.667510 0.046124 0.031728 0.254638
0.000010 0.967239 0.032741 0.000010
0.743172 0.024670 0.025506 0.206652
0.000010 0.129495 0.027768 0.842727
0.000010 0.000010 0.864924 0.135056
0.759329 0.000010 0.000010 0.240651
0.837503 0.027736 0.025544 0.109217
0.000010 0.000010 0.999970 0.000010
0.763086 0.050584 0.000010 0.186320
0.681732 0.081260 0.002761 0.234247
0.047391 0.952589 0.000010 0.000010
0.657053 0.041014 0.000010 0.301922
0.758731 0.034925 0.033010 0.173333
0.771586 0.000010 0.072737 0.155667
0.673857 0.062933 0.018423 0.244787
0.743570 0.091368 0.006268 0.158794
0.564075 0.050746 0.000010 0.385169
0.566474 0.007767 0.016850 0.408909
0.000010 0.962696 0.012835 0.024459
0.567538 0.053548 0.044669 0.334245
0.000010 0.117916 0.868494 0.013580
0.069825 0.899008 0.031157 0.000010
0.600903 0.088379 0.007599 0.303119
0.000010 0.000010 0.988744 0.011236
0.694960 0.215229 0.051796 0.038015
0.645028 0.263919 0.053460 0.037593
0.675849 0.064034 0.016652 0.243466
0.796654 0.047262 0.068959 0.087125
0.010687 0.000010 0.989293 0.000010
0.580321 0.020668 0.000010 0.399001
0.000010 0.000010 0.000010 0.999970
0.841368 0.000010 0.026756 0.131867
0.006119 0.041962 0.041131 0.910788
0.033943 0.108940 0.721221 0.135897
0.124965 0.229305 0.020779 0.624951
0.586617 0.057990 0.036323 0.319071
0.000010 0.000010 0.999970 0.000010
0.029784 0.114477 0.069157 0.786582
0.000010 0.914380 0.039613 0.045997
0.000010 0.000010 0.999970 0.000010
0.792074 0.025845 0.015664 0.166417
0.606919 0.022286 0.029751 0.341043
0.502333 0.121879 0.031037 0.344751
0.633792 0.074230 0.040494 0.251484
0.665856 0.071600 0.067213 0.195331
0.029700 0.917303 0.000010 0.052987
0.000010 0.137066 0.013324 0.849600
0.000010 0.177241 0.040970 0.781779
0.000010 0.030170 0.946306 0.023514
0.000010 0.999970 0.000010 0.000010
0.737163 0.057316 0.042976 0.162546
0.827848 0.035162 0.017614 0.119376
0.715719 0.205568 0.078703 0.000010
0.724010 0.005806 0.017827 0.252357
0.465571 0.062885 0.000010 0.471534
0.142946 0.173936 0.549786 0.133332
0.300963 0.092028 0.606999 0.000010
0.000010 0.000010 0.995930 0.004050
0.071650 0.910044 0.018297 0.000010
0.552906 0.061965 0.025033 0.360096
0.709462 0.065625 0.048566 0.176347
0.025715 0.896206 0.013846 0.064233
0.760661 0.047808 0.036247 0.155285
0.033907 0.946424 0.000010 0.019659
0.000010 0.999970 0.000010 0.000010
0.362525 0.162544 0.018080 0.456851
0.692586 0.066074 0.019792 0.221549
0.000010 0.947604 0.000010 0.052376
0.260983 0.176247 0.067265 0.495505
0.040510 0.499448 0.454972 0.005070
0.000010 0.172517 0.033514 0.793959
0.036110 0.905813 0.007778 0.050299
0.634328 0.069051 0.027511 0.269110
0.000010 0.908888 0.000010 0.091092
0.009056 0.990924 0.000010 0.000010
0.383762 0.288556 0.145550 0.182132
0.000010 0.920695 0.000010 0.079285
0.431949 0.070573 0.034412 0.463066
0.700069 0.034853 0.038294 0.226784
0.054995 0.063870 0.833804 0.047331
0.000019 0.989778 0.010193 0.000010
0.000010 0.999970 0.000010 0.000010
0.733409 0.052682 0.018033 0.195875
0.098062 0.734274 0.067663 0.100001
0.041294 0.851446 0.062951 0.044309
0.723245 0.022417 0.005406 0.248932
0.434894 0.000010 0.019345 0.545751
0.723310 0.021000 0.028726 0.226964
0.663380 0.011158 0.014814 0.310648
0.056900 0.902299 0.000010 0.040791
0.739787 0.053033 0.025899 0.181281
0.727835 0.052885 0.059932 0.159348
0.000010 0.000010 0.999970 0.000010
0.000010 0.998402 0.000010 0.001578
0.000010 0.999970 0.000010 0.000010
0.045737 0.000010 0.000010 0.954243
0.000010 0.015709 0.000010 0.984271
0.525908 0.000010 0.036635 0.437447
0.106571 0.000010 0.031411 0.862008
0.725516 0.083727 0.047244 0.143513
0.000010 0.016662 0.983318 0.000010
0.463989 0.000010 0.019383 0.516618
0.752435 0.041451 0.003667 0.202447
0.701163 0.086641 0.051999 0.160196
0.000053 0.940186 0.013520 0.046240
0.000010 0.000010 0.999970 0.000010
0.000010 0.866942 0.000010 0.133038
0.000010 0.063833 0.000010 0.936147
0.018102 0.981878 0.000010 0.000010
0.751406 0.156465 0.092119 0.000010
0.080464 0.030801 0.888725 0.000010
0.436017 0.039841 0.032450 0.491692
0.000010 0.020454 0.979526 0.000010
0.000010 0.891516 0.056739 0.051735
0.000010 0.000010 0.946560 0.053420
0.000010 0.970009 0.023557 0.006424
0.000010 0.944304 0.055676 0.000010
0.000010 0.999970 0.000010 0.000010
0.000010 0.999970 0.000010 0.000010
0.000010 0.987588 0.000010 0.012392
0.452050 0.281251 0.107175 0.159524
0.070229 0.890625 0.039136 0.000010
0.689083 0.031186 0.000010 0.279721
0.000010 0.000010 0.999970 0.000010
0.000010 0.999970 0.000010 0.000010
0.000010 0.851343 0.046948 0.101698
0.671913 0.047266 0.024513 0.256308
0.000010 0.000010 0.999970 0.000010
0.000010 0.996657 0.000010 0.003323
0.656217 0.238691 0.076694 0.028397
0.437008 0.000010 0.022003 0.540979
0.747594 0.020833 0.047475 0.184098
0.349992 0.000010 0.044053 0.605945
0.000010 0.000010 0.999970 0.000010
0.741925 0.006747 0.043593 0.207734
0.119604 0.753162 0.031156 0.096078
0.000010 0.045161 0.003676 0.951153
0.607203 0.042298 0.027454 0.323045
0.047006 0.867697 0.035695 0.049602
0.000010 0.029688 0.046638 0.923664
0.469735 0.001448 0.028660 0.500157
0.655868 0.036218 0.023687 0.284227
0.000010 0.999970 0.000010 0.000010
0.881580 0.058917 0.025513 0.033990
0.051716 0.165160 0.031316 0.751807
0.000010 0.989387 0.000010 0.010593
0.816984 0.078613 0.054234 0.050169
0.038179 0.036682 0.925128 0.000010
0.000010 0.000010 0.999970 0.000010
0.000010 0.103042 0.035244 0.861704
0.000010 0.984429 0.015551 0.000010
0.139424 0.259802 0.089659 0.511115
0.000010 0.954573 0.000010 0.045407
0.000010 0.924094 0.000010 0.075886
0.168246 0.200367 0.124157 0.507230
0.614470 0.096565 0.006592 0.282373
0.000010 0.999970 0.000010 0.000010
0.544854 0.054068 0.049854 0.351224
0.000010 0.006465 0.953342 0.040183
0.000010 0.000010 0.999970 0.000010
0.717063 0.032878 0.039204 0.210855
0.752954 0.077802 0.025502 0.143742
0.000010 0.000010 0.970990 0.028990
0.000010 0.979675 0.000010 0.020305
0.572334 0.084508 0.004706 0.338452
0.000010 0.979091 0.000010 0.020889
0.477680 0.051980 0.028302 0.442038
0.648826 0.023536 0.024421 0.303217
0.581524 0.107276 0.080083 0.231117
0.664665 0.063210 0.039431 0.232693
0.038891 0.009671 0.000010 0.951428
0.540580 0.044251 0.001668 0.413501
0.211596 0.190935 0.000010 0.597459
0.552229 0.089290 0.019911 0.338570
0.036378 0.947728 0.015884 0.000010
0.621109 0.033790 0.019198 0.325903
0.638153 0.057613 0.000010 0.304224
0.033436 0.901664 0.016074 0.048826
0.672941 0.000659 0.032094 0.294306
0.672843 0.056527 0.010124 0.260507
0.028178 0.852838 0.042633 0.076351
0.617160 0.091812 0.042343 0.248686
0.755833 0.028611 0.000010 0.215546
0.157226 0.267268 0.033740 0.541766
0.079548 0.886786 0.033655 0.000010
0.605814 0.027018 0.029463 0.337705
0.607562 0.031981 0.016351 0.344106
0.000010 0.989373 0.000010 0.010607
0.076788 0.271074 0.285564 0.366574
0.000010 0.999970 0.000010 0.000010
0.580559 0.025112 0.030553 0.363776
0.000010 0.098690 0.647566 0.253734
0.779262 0.012138 0.019966 0.188634
0.222746 0.084925 0.029783 0.662545
0.676506 0.024392 0.004168 0.294935
0.686944 0.080485 0.000797 0.231774
0.767278 0.000010 0.020967 0.211745
0.679658 0.241533 0.078799 0.000010
0.587151 0.020108 0.012254 0.380487
0.634457 0.029373 0.054000 0.282170
0.733612 0.005923 0.031472 0.228992
0.000010 0.000010 0.999970 0.000010
0.094844 0.905136 0.000010 0.000010
0.000010 0.999970 0.000010 0.000010
0.000010 0.965645 0.001858 0.032487
0.351720 0.177070 0.036457 0.434753
0.758671 0.108837 0.052886 0.079606
0.126195 0.160293 0.031140 0.682372
0.691580 0.068276 0.024658 0.215486
0.207518 0.202028 0.050035 0.540419
0.680437 0.045403 0.026051 0.248108
0.643164 0.036953 0.003709 0.316174
0.801151 0.000010 0.027737 0.171103
0.760144 0.047365 0.011931 0.180560
0.000010 0.000010 0.000010 0.999970
0.000010 0.105476 0.045628 0.848885
0.770719 0.007968 0.065191 0.156122
0.774534 0.016895 0.040213 0.168358
0.000010 0.037727 0.957382 0.004881
0.000010 0.901131 0.014775 0.084084
0.000010 0.999970 0.000010 0.000010
0.635145 0.040622 0.006238 0.317996
0.645507 0.038806 0.044896 0.270790
0.648924 0.050841 0.025544 0.274690
0.411655 0.006941 0.024258 0.557146
0.000010 0.000010 0.024279 0.975701
0.657545 0.006547 0.048449 0.287458
0.477209 0.061349 0.000010 0.461432
0.345443 0.014064 0.031577 0.608916
0.298538 0.328997 0.212768 0.159698
0.701023 0.039817 0.000010 0.259151
0.725295 0.073810 0.022846 0.178049
0.252585 0.303910 0.186465 0.257040
0.742336 0.049695 0.023533 0.184436
0.812588 0.015898 0.000010 0.171503
0.000010 0.196788 0.183521 0.619681
0.242177 0.152901 0.029873 0.575050
0.000010 0.080453 0.715649 0.203888
0.016379 0.127517 0.057321 0.798783
0.000010 0.996114 0.003866 0.000010
0.647529 0.036904 0.022608 0.292959
0.780954 0.061810 0.061787 0.095448
0.000010 0.000010 0.999970 0.000010
0.017201 0.875088 0.006331 0.101379
0.055523 0.101881 0.590986 0.251611
0.129897 0.300020 0.061522 0.508562
0.544142 0.112073 0.004792 0.338993
0.659241 0.214534 0.035272 0.090952
0.723654 0.100760 0.000010 0.175576
0.048254 0.308770 0.040494 0.602482
0.666765 0.077766 0.000010 0.255459
0.188066 0.014395 0.744360 0.053179
0.706387 0.063226 0.044351 0.186036
0.000010 0.079950 0.030137 0.889903
0.724403 0.005142 0.033677 0.236778
0.344265 0.149463 0.050029 0.456243
0.570640 0.000784 0.060302 0.368274
0.647406 0.144066 0.067293 0.141235
0.000010 0.935642 0.031461 0.032887
0.507769 0.079273 0.027537 0.385420
0.000010 0.884431 0.000010 0.115549
0.000010 0.006096 0.725900 0.267995
0.609368 0.045019 0.045940 0.299674
0.642817 0.000010 0.060771 0.296402
0.303015 0.317561 0.122334 0.257091
0.322013 0.144536 0.022735 0.510716
0.793361 0.028594 0.047400 0.130645
0.617625 0.078903 0.000010 0.303462
0.537429 0.046792 0.034863 0.380916
0.633988 0.064917 0.000010 0.301084
0.581434 0.081357 0.008406 0.328803
0.000010 0.961012 0.000010 0.038968
0.063154 0.925832 0.011004 0.000010
0.714085 0.108936 0.022963 0.154016
0.408175 0.135501 0.016937 0.439387
0.735669 0.036193 0.037473 0.190665
0.000010 0.034345 0.060136 0.905510
0.757392 0.068867 0.037280 0.136461
0.059597 0.304801 0.025507 0.610095
0.615422 0.049652 0.051429 0.283497
0.471232 0.108645 0.006358 0.413766
0.000010 0.999970 0.000010 0.000010
0.003307 0.083226 0.835541 0.077926
0.664493 0.044058 0.035904 0.255545
0.800754 0.065998 0.031778 0.101470
0.079321 0.916944 0.003726 0.000010
0.730091 0.064911 0.015388 0.189610
0.537895 0.038139 0.028841 0.395125
0.772146 0.009656 0.035596 0.182601
0.703771 0.077159 0.020277 0.198793
0.783755 0.004872 0.026386 0.184987
0.490367 0.141796 0.024844 0.342993
0.548164 0.052589 0.058747 0.340501
0.000012 0.000010 0.999968 0.000010
0.028062 0.783870 0.028386 0.159682
0.633002 0.079678 0.050468 0.236852
0.231199 0.344064 0.079985 0.344752
0.000010 0.974333 0.000010 0.025647
0.731535 0.054032 0.043100 0.171333
0.027157 0.959139 0.000010 0.013694
0.800395 0.000754 0.033049 0.165801
0.714658 0.043920 0.020993 0.220429
0.838024 0.004077 0.025902 0.131997
0.561987 0.026999 0.000010 0.411004
0.722833 0.027412 0.017895 0.231860
0.729523 0.021079 0.060144 0.189253
0.753064 0.033236 0.078994 0.134706
0.574879 0.054199 0.014560 0.356363
0.320328 0.001426 0.033828 0.644418
0.649945 0.063852 0.069733 0.216470
0.048725 0.931596 0.019668 0.000010
0.231742 0.606721 0.013266 0.148271
0.744434 0.062042 0.050473 0.143051
0.000010 0.000010 0.999970 0.000010
0.000010 0.926230 0.032857 0.040903
0.000010 0.000010 0.000010 0.999970
0.091965 0.240628 0.066809 0.600598
0.797340 0.021633 0.000010 0.181017
0.103859 0.228525 0.029396 0.638221
0.539012 0.000909 0.043042 0.417037
0.711665 0.039789 0.054418 0.194127
0.586597 0.090485 0.020106 0.302812
0.415529 0.391401 0.024295 0.168775
0.645280 0.032319 0.060500 0.261900
0.632934 0.046683 0.054498 0.265885
0.000010 0.884080 0.013872 0.102038
0.634064 0.081763 0.045020 0.239154
0.711330 0.038103 0.041538 0.209030
0.062502 0.015378 0.007056 0.915065
0.842180 0.024563 0.058251 0.075006
0.757143 0.034525 0.029088 0.179244
0.401912 0.023325 0.046939 0.527824
0.184928 0.001607 0.802983 0.010482
0.675509 0.007740 0.034977 0.281773
0.607861 0.052310 0.001663 0.338166
0.742969 0.000010 0.059382 0.197639
0.651584 0.012774 0.028667 0.306975
0.374738 0.057026 0.004639 0.563596
0.765259 0.009534 0.025853 0.199354
0.753421 0.036565 0.043062 0.166953
0.639649 0.101416 0.000010 0.258925
0.000010 0.477168 0.498272 0.024550
0.822691 0.028414 0.009231 0.139664
0.321496 0.371509 0.083674 0.223321
0.726998 0.204213 0.068779 0.000010
0.680573 0.085417 0.027623 0.206387
0.577968 0.049951 0.019505 0.352577
0.661555 0.057356 0.037803 0.243286
0.000010 0.981027 0.000010 0.018953
0.702717 0.048475 0.071801 0.177007
0.632584 0.035026 0.039040 0.293350
0.689992 0.052025 0.021920 0.236063
0.736733 0.096610 0.019104 0.147553
0.661513 0.085111 0.031496 0.221879
0.662067 0.034850 0.058598 0.244485
0.612492 0.074242 0.081213 0.232053
0.000010 0.076208 0.021635 0.902147
0.856284 0.009227 0.026803 0.107685
0.448718 0.048719 0.072993 0.429569
0.265760 0.068500 0.076637 0.589103
0.000010 0.999970 0.000010 0.000010
0.667748 0.032440 0.058424 0.241388
0.665996 0.052701 0.000010 0.281292
0.086519 0.107820 0.805651 0.000010
0.800203 0.065524 0.022237 0.112036
0.015879 0.000010 0.984101 0.000010
0.620346 0.038229 0.035476 0.305949
0.600718 0.016091 0.066774 0.316417
0.626926 0.101263 0.020720 0.251091
0.709937 0.039359 0.036789 0.213915
0.662682 0.030485 0.069600 0.237233
0.788102 0.016959 0.025345 0.169594
0.579074 0.042033 0.023362 0.355531
0.000010 0.999970 0.000010 0.000010
0.791422 0.059985 0.000010 0.148583
0.596763 0.013076 0.026437 0.363723
0.000010 0.889314 0.006711 0.103965
0.778840 0.087292 0.026768 0.107099
0.699286 0.089580 0.017849 0.193285
0.832707 0.029805 0.007334 0.130154
0.561338 0.098715 0.056041 0.283906
0.000010 0.999970 0.000010 0.000010
0.564740 0.102071 0.077625 0.255564
0.016890 0.983090 0.000010 0.000010
0.671023 0.056858 0.016147 0.255972
0.753813 0.194358 0.051819 0.000010
0.042226 0.957754 0.000010 0.000010
0.707492 0.026365 0.021309 0.244834
0.205737 0.016786 0.000010 0.777468
0.731361 0.064340 0.036085 0.168214
0.690923 0.027634 0.046075 0.235368
0.707099 0.063694 0.004591 0.224616
0.438559 0.040452 0.017175 0.503813
0.688129 0.042931 0.037080 0.231859
0.637488 0.041467 0.071718 0.249327
0.585628 0.012802 0.047736 0.353834
0.028859 0.916152 0.000010 0.054979
0.734898 0.062423 0.017323 0.185356
0.688269 0.023237 0.033521 0.254973
0.749290 0.041939 0.069997 0.138774
0.584919 0.038450 0.054292 0.322339
0.811199 0.006278 0.045635 0.136888
0.725785 0.034307 0.033155 0.206753
0.394512 0.454134 0.010879 0.140475
0.631448 0.046748 0.015444 0.306360
0.699012 0.025164 0.000010 0.275814
0.762282 0.027556 0.051757 0.158405
0.333683 0.035389 0.005911 0.625017
0.415430 0.137964 0.030355 0.416252
0.191130 0.532240 0.025760 0.250871
0.115413 0.000010 0.884567 0.000010
0.163615 0.020647 0.017903 0.797836
0.573175 0.051918 0.024822 0.350085
0.000010 0.924979 0.000010 0.075001
0.000010 0.114716 0.052774 0.832500
0.679398 0.060633 0.041202 0.218767
0.000010 0.956383 0.000010 0.043597
0.000010 0.997557 0.000010 0.002423
0.000010 0.000010 0.999970 0.000010
0.471559 0.084193 0.003637 0.440612
0.683857 0.061637 0.039008 0.215498
0.558270 0.136913 0.027391 0.277426
0.720249 0.041131 0.072412 0.166208
0.642033 0.029279 0.012789 0.315898
0.000010 0.017882 0.982098 0.000010
0.769522 0.044364 0.039924 0.146190
0.701669 0.113950 0.011943 0.172438
0.000010 0.999970 0.000010 0.000010
0.000010 0.000010 0.999970 0.000010
0.437141 0.002567 0.020757 0.539535
0.454071 0.000010 0.037539 0.508380
0.692383 0.021747 0.045694 0.240176
0.357821 0.506050 0.104240 0.031889
0.000010 0.998157 0.001823 0.000010
0.747748 0.075893 0.035069 0.141290
0.000010 0.486141 0.513839 0.000010
0.669330 0.076567 0.000010 0.254093
0.018049 0.070619 0.830242 0.081090
0.120281 0.150817 0.697476 0.031425
0.616794 0.060673 0.025285 0.297249
0.641769 0.021578 0.045317 0.291336
0.690360 0.027551 0.051691 0.230399
0.573495 0.047398 0.013126 0.365981
0.744272 0.038541 0.004078 0.213109
0.571768 0.063886 0.009200 0.355146
0.619963 0.039322 0.015210 0.325505
0.807200 0.031684 0.032356 0.128760
0.783514 0.045256 0.000010 0.171220
0.258373 0.161776 0.462139 0.117712
0.617477 0.004165 0.039587 0.338771
0.638758 0.036247 0.015391 0.309604
0.556530 0.077577 0.005473 0.360421
0.818897 0.075859 0.023834 0.081410
0.115677 0.884303 0.000010 0.000010
0.650170 0.025792 0.022091 0.301947
0.564939 0.028715 0.038993 0.367353
0.885967 0.028871 0.037411 0.047751
0.622244 0.070791 0.009613 0.297352
0.743079 0.001218 0.050851 0.204852
0.626761 0.064924 0.033419 0.274897
0.631976 0.027477 0.012146 0.328401
0.664352 0.009849 0.050103 0.275697
0.675908 0.000010 0.040136 0.283947
0.722353 0.045860 0.000010 0.231777
0.354403 0.069031 0.024107 0.552459
0.719435 0.051387 0.032599 0.196579
0.402359 0.044447 0.002461 0.550733
0.447373 0.004082 0.049338 0.499206
0.787742 0.020496 0.013996 0.177766
0.788469 0.046595 0.000010 0.164926
0.690348 0.062017 0.023744 0.223890
0.533825 0.000010 0.005119 0.461045
0.548646 0.000010 0.061372 0.389973
0.482210 0.114427 0.000010 0.403353
0.680558 0.041537 0.000010 0.277895
0.413436 0.000010 0.038294 0.548261
0.532551 0.070503 0.000010 0.396936
0.646593 0.062455 0.031937 0.259015
0.657042 0.051928 0.036573 0.254457
0.675403 0.037185 0.027261 0.260151
0.691510 0.044268 0.056037 0.208184
0.514559 0.004884 0.016110 0.464448
