0.048525 0.068131 0.837306 0.046028 0.000010
0.224684 0.000010 0.000010 0.764119 0.011177
0.263766 0.000010 0.000010 0.736204 0.000010
0.000010 0.974600 0.000010 0.025370 0.000010
0.121610 0.530742 0.054161 0.274855 0.018632
0.207187 0.516579 0.012667 0.262891 0.000675
0.024164 0.168156 0.682231 0.115048 0.010401
0.000010 0.933072 0.015371 0.026832 0.024715
0.068197 0.451746 0.000010 0.440848 0.039200
0.045293 0.818759 0.000010 0.135928 0.000010
0.162821 0.526455 0.064061 0.246653 0.000010
0.000010 0.000010 0.000010 0.098623 0.901347
0.107136 0.197270 0.237615 0.258908 0.199072
0.439476 0.491435 0.000010 0.064589 0.004490
0.309228 0.000010 0.000010 0.663086 0.027666
0.721630 0.000010 0.000010 0.271631 0.006719
0.482041 0.490312 0.016462 0.000010 0.011174
0.261869 0.000010 0.007861 0.730250 0.000010
0.198915 0.436534 0.003023 0.359387 0.002141
0.098085 0.461684 0.000010 0.425209 0.015012
0.000010 0.216611 0.177110 0.563401 0.042867
0.106875 0.382199 0.000010 0.504550 0.006366
0.113997 0.141181 0.031565 0.087635 0.625622
0.306624 0.000010 0.000010 0.693346 0.000010
0.267127 0.475878 0.000010 0.220303 0.036682
0.082978 0.409737 0.000010 0.488392 0.018883
0.223012 0.471145 0.014324 0.291509 0.000010
0.160179 0.333450 0.000010 0.483633 0.022728
0.113123 0.624997 0.034966 0.217939 0.008976
0.000010 0.129399 0.870571 0.000010 0.000010
0.000010 0.208383 0.000010 0.000010 0.791587
0.000010 0.895081 0.041296 0.048588 0.015024
0.025585 0.000010 0.974385 0.000010 0.000010
0.165761 0.354832 0.069896 0.369566 0.039945
0.000010 0.996656 0.000010 0.000010 0.003314
0.128523 0.435568 0.053530 0.364958 0.017422
0.057009 0.606751 0.011424 0.324806 0.000010
0.100232 0.587057 0.011726 0.292842 0.008144
0.138628 0.410511 0.038526 0.412325 0.000010
0.132798 0.424462 0.012197 0.422417 0.008126
0.356466 0.236670 0.024558 0.382296 0.000010
0.070115 0.499041 0.000010 0.410142 0.020692
0.151419 0.470395 0.003481 0.372879 0.001826
0.000010 0.937898 0.021472 0.040610 0.000010
0.000010 0.149784 0.000010 0.000010 0.850186
0.052552 0.000010 0.030588 0.134012 0.782839
0.087916 0.534275 0.061242 0.298854 0.017712
0.154184 0.349151 0.029046 0.467609 0.000010
0.354397 0.548806 0.019527 0.075640 0.001630
0.198516 0.000010 0.000010 0.798742 0.002723
0.331585 0.030242 0.000010 0.636863 0.001300
0.011942 0.930809 0.003426 0.036717 0.017106
0.155966 0.442229 0.011164 0.390631 0.000010
0.000010 0.951210 0.025481 0.000010 0.023289
0.090631 0.000010 0.000010 0.173067 0.736282
0.260602 0.000010 0.000010 0.739368 0.000010
0.063653 0.612859 0.026817 0.272413 0.024259
0.019303 0.957206 0.008868 0.000010 0.014613
0.203522 0.000010 0.009485 0.786973 0.000010
0.351004 0.247270 0.000010 0.371001 0.030715
0.130977 0.769818 0.011055 0.058608 0.029541
0.024518 0.140168 0.046940 0.301926 0.486448
0.046539 0.479157 0.000010 0.464693 0.009600
0.000010 0.000010 0.000010 0.000010 0.999960
0.097325 0.560028 0.000010 0.318678 0.023960
0.155744 0.545550 0.000010 0.298686 0.000010
0.192239 0.500195 0.000010 0.302574 0.004982
0.050794 0.945576 0.000010 0.000010 0.003611
0.161041 0.506102 0.065038 0.239565 0.028254
0.011061 0.980627 0.008292 0.000010 0.000010
0.000010 0.903569 0.011390 0.074763 0.010268
0.019451 0.890983 0.089362 0.000010 0.000194
0.075362 0.000010 0.767099 0.157519 0.000010
0.059556 0.434763 0.000010 0.505661 0.000010
0.149778 0.455458 0.040670 0.354084 0.000010
0.008670 0.916874 0.000010 0.011957 0.062489
0.065642 0.750071 0.000010 0.178825 0.005453
0.000010 0.925447 0.040647 0.000010 0.033886
0.274839 0.000010 0.000010 0.702638 0.022502
0.320995 0.657751 0.000010 0.000010 0.021233
0.015996 0.197056 0.089117 0.000010 0.697821
0.069613 0.001961 0.913471 0.014945 0.000010
0.063542 0.119174 0.806197 0.000010 0.011077
0.065169 0.000010 0.862945 0.071865 0.000010
0.000010 0.118186 0.881784 0.000010 0.000010
0.412890 0.000010 0.000010 0.587080 0.000010
0.165821 0.000010 0.011754 0.814145 0.008271
0.106684 0.893286 0.000010 0.000010 0.000010
0.136993 0.553865 0.040963 0.235837 0.032342
0.173380 0.480881 0.031845 0.289124 0.024770
0.156467 0.000010 0.000010 0.829325 0.014188
0.146732 0.000010 0.000010 0.853238 0.000010
0.100669 0.496754 0.054288 0.314085 0.034203
0.000010 0.985283 0.000010 0.000010 0.014687
0.073459 0.597440 0.000010 0.300288 0.028803
0.243326 0.439895 0.000010 0.308638 0.008131
0.237077 0.450401 0.020272 0.268069 0.024181
0.042336 0.936380 0.000010 0.000010 0.021265
0.227905 0.000010 0.000010 0.772065 0.000010
0.062290 0.469020 0.006915 0.429478 0.032297
0.181742 0.437794 0.032102 0.310413 0.037949
0.098723 0.536222 0.017210 0.342196 0.005649
0.474273 0.000010 0.000010 0.525697 0.000010
0.117834 0.851082 0.020217 0.000010 0.010857
0.315929 0.120685 0.059405 0.503971 0.000010
0.239186 0.053468 0.011318 0.661649 0.034380
0.086010 0.219222 0.326427 0.110088 0.258254
0.000010 0.109814 0.000010 0.000010 0.890156
0.000010 0.899852 0.085346 0.000010 0.014782
0.078125 0.366360 0.036708 0.502213 0.016595
0.022701 0.946333 0.000010 0.000010 0.030947
0.000010 0.138637 0.079907 0.000010 0.781436
0.068289 0.518971 0.013206 0.399524 0.000010
0.330362 0.447504 0.000010 0.222114 0.000010
0.245589 0.505057 0.000010 0.230662 0.018682
0.002735 0.971328 0.018035 0.000010 0.007892
0.082366 0.877014 0.000370 0.000010 0.040241
0.322201 0.519009 0.000010 0.158770 0.000010
0.205681 0.000010 0.000010 0.794289 0.000010
0.134383 0.450587 0.030648 0.368463 0.015920
0.055567 0.294357 0.045690 0.000010 0.604375
0.118532 0.502921 0.000010 0.371282 0.007255
0.101387 0.523784 0.022258 0.315880 0.036690
0.206065 0.459160 0.000010 0.334754 0.000010
0.125874 0.112900 0.086118 0.147942 0.527167
0.121890 0.859567 0.000010 0.000010 0.018523
0.057250 0.568786 0.000010 0.344721 0.029232
0.029841 0.813611 0.030808 0.116089 0.009651
0.053173 0.912392 0.025641 0.000010 0.008784
0.000010 0.000010 0.000010 0.091379 0.908591
0.547064 0.000010 0.113674 0.297413 0.041839
0.000010 0.976981 0.000010 0.000010 0.022989
0.061889 0.063739 0.867484 0.000010 0.006877
0.217281 0.503477 0.000010 0.249019 0.030213
0.041557 0.567378 0.010212 0.380472 0.000382
0.275260 0.476630 0.000010 0.238023 0.010078
0.145180 0.582649 0.000010 0.219262 0.052900
0.001093 0.575897 0.000010 0.422990 0.000010
0.186715 0.410483 0.060185 0.342607 0.000010
0.145083 0.383110 0.010490 0.438802 0.022514
0.229147 0.191177 0.000010 0.565214 0.014452
0.130448 0.328183 0.004635 0.517740 0.018994
0.014008 0.458406 0.000010 0.519900 0.007676
0.064764 0.883712 0.026581 0.000010 0.024932
0.037961 0.000010 0.902946 0.059073 0.000010
0.028717 0.901602 0.062894 0.000010 0.006777
0.104005 0.528038 0.004603 0.351767 0.011587
0.217786 0.000010 0.000010 0.782184 0.000010
0.000010 0.952985 0.006766 0.026702 0.013538
0.076061 0.437602 0.014361 0.463142 0.008834
0.490058 0.000010 0.000010 0.509912 0.000010
0.338147 0.000010 0.000010 0.623915 0.037918
0.000010 0.961300 0.018268 0.000010 0.020411
0.139912 0.493058 0.004372 0.340352 0.022306
0.353926 0.403466 0.000010 0.242588 0.000010
0.121886 0.494096 0.042527 0.341481 0.000010
0.314039 0.427117 0.124048 0.118953 0.015842
0.251429 0.000010 0.000663 0.747888 0.000010
0.163294 0.475888 0.090685 0.270123 0.000010
0.249837 0.000010 0.024891 0.725252 0.000010
0.000010 0.976812 0.023158 0.000010 0.000010
0.004492 0.196441 0.799047 0.000010 0.000010
0.627349 0.302892 0.069739 0.000010 0.000010
0.300183 0.000010 0.000010 0.699787 0.000010
0.266361 0.000010 0.014544 0.719074 0.000010
0.213015 0.000010 0.032805 0.732167 0.022002
0.000010 0.981653 0.000010 0.012072 0.006256
0.129270 0.530402 0.000698 0.323742 0.015888
0.126310 0.392225 0.016314 0.422878 0.042273
0.029765 0.936207 0.000010 0.000010 0.034008
0.000010 0.172929 0.137072 0.673917 0.016072
0.155788 0.536754 0.098425 0.191146 0.017887
0.196119 0.152959 0.001121 0.616826 0.032975
0.513345 0.418895 0.067739 0.000010 0.000010
0.175352 0.425514 0.030702 0.368422 0.000010
0.131477 0.455069 0.021391 0.388826 0.003238
0.000010 0.952427 0.024937 0.000010 0.022616
0.000010 0.000010 0.902163 0.097807 0.000010
0.131231 0.410978 0.115108 0.322248 0.020436
0.000010 0.000010 0.952370 0.041340 0.006269
0.000010 0.619179 0.000010 0.332869 0.047932
0.000010 0.501936 0.446344 0.000010 0.051700
0.067977 0.048111 0.848384 0.000010 0.035517
0.065240 0.758984 0.014418 0.151030 0.010328
0.000010 0.140610 0.154929 0.212100 0.492350
0.362944 0.000010 0.006991 0.618166 0.011889
0.000010 0.961417 0.038553 0.000010 0.000010
0.285682 0.366498 0.001955 0.340034 0.005831
0.200355 0.441950 0.062250 0.284189 0.011256
0.006131 0.004658 0.000010 0.122884 0.866317
0.173807 0.000010 0.066063 0.734709 0.025411
0.000010 0.978399 0.000010 0.014660 0.006921
0.023240 0.322086 0.006403 0.644658 0.003613
0.017460 0.548984 0.000010 0.429438 0.004108
0.000010 0.187813 0.008989 0.000010 0.803178
0.161383 0.165433 0.000010 0.637687 0.035487
0.245199 0.746347 0.000010 0.000010 0.008434
0.183624 0.000010 0.216216 0.490151 0.109999
0.085653 0.307603 0.214601 0.348324 0.043819
0.000010 0.957613 0.027130 0.000010 0.015237
0.097328 0.509432 0.003423 0.371317 0.018501
0.119856 0.872106 0.002021 0.000010 0.006007
0.000010 0.000010 0.000010 0.000010 0.999960
0.060602 0.000010 0.846902 0.085095 0.007391
0.000010 0.085419 0.885278 0.000010 0.029283
0.000010 0.000010 0.000010 0.000010 0.999960
0.000010 0.763293 0.017958 0.206426 0.012314
0.115959 0.346777 0.026643 0.510611 0.000010
0.049828 0.609822 0.024584 0.303297 0.012470
0.104281 0.886189 0.000010 0.000010 0.009510
0.133137 0.515668 0.024697 0.318164 0.008334
0.564966 0.274653 0.142399 0.000010 0.017973
0.077950 0.127549 0.750840 0.000010 0.043651
0.000010 0.014975 0.590662 0.140335 0.254018
0.093169 0.413786 0.022865 0.426773 0.043407
0.348784 0.540800 0.000010 0.083126 0.027281
0.093934 0.197050 0.115477 0.123116 0.470423
0.160438 0.463964 0.012336 0.348350 0.014912
0.348972 0.442915 0.027938 0.145836 0.034339
0.185067 0.473760 0.026725 0.314438 0.000010
0.284358 0.000010 0.000010 0.715612 0.000010
0.013607 0.928162 0.058211 0.000010 0.000010
0.350461 0.410060 0.000010 0.214943 0.024527
0.149296 0.380469 0.000010 0.462479 0.007746
0.087337 0.483887 0.010135 0.393590 0.025051
0.081084 0.504921 0.022404 0.374106 0.017485
0.000010 0.988762 0.000011 0.011207 0.000010
0.121398 0.416581 0.004657 0.456439 0.000926
0.071573 0.298813 0.082958 0.511455 0.035202
0.025976 0.000010 0.019906 0.163125 0.790984
0.113244 0.118458 0.747689 0.000010 0.020599
0.032866 0.927093 0.007194 0.000010 0.032837
0.226311 0.076804 0.008362 0.684931 0.003592
0.194785 0.358728 0.037947 0.408530 0.000010
0.213063 0.000010 0.025092 0.757517 0.004318
0.130248 0.445414 0.043222 0.366148 0.014968
0.000010 0.909997 0.021287 0.048836 0.019870
0.319069 0.610700 0.026229 0.025384 0.018618
0.261211 0.050797 0.024788 0.633910 0.029294
0.194565 0.461147 0.031186 0.312426 0.000676
0.103948 0.845047 0.034487 0.000010 0.016508
0.037843 0.176540 0.762471 0.000010 0.023135
0.127385 0.000010 0.000538 0.872057 0.000010
0.004447 0.958922 0.012106 0.000010 0.024516
0.254621 0.030342 0.055927 0.649027 0.010084
0.000010 0.095664 0.875339 0.000010 0.028977
0.000010 0.000010 0.871252 0.121029 0.007699
0.000010 0.067512 0.932458 0.000010 0.000010
0.000010 0.956320 0.009176 0.000010 0.034484
0.160551 0.567047 0.044351 0.227594 0.000457
0.544962 0.125119 0.145066 0.121077 0.063776
0.323165 0.330440 0.071720 0.237876 0.036799
0.237237 0.000010 0.019088 0.743024 0.000641
0.016096 0.492408 0.405110 0.000010 0.086376
0.092975 0.366460 0.020093 0.516252 0.004221
0.044046 0.446501 0.040325 0.429574 0.039554
0.000010 0.121162 0.112643 0.698393 0.067791
0.148937 0.469238 0.027918 0.345482 0.008425
0.122462 0.391849 0.093392 0.368293 0.024003
0.003297 0.985822 0.010861 0.000010 0.000010
0.023069 0.863884 0.038316 0.055512 0.019219
0.387981 0.000010 0.012839 0.599159 0.000010
0.034227 0.911450 0.043993 0.000010 0.010320
0.000010 0.967391 0.000010 0.000010 0.032579
0.165607 0.487401 0.039170 0.307812 0.000010
0.111881 0.581132 0.025122 0.257437 0.024428
0.000010 0.174247 0.825723 0.000010 0.000010
0.000010 0.094340 0.882134 0.000010 0.023507
0.178703 0.333171 0.009632 0.478484 0.000010
0.204029 0.138939 0.023207 0.612005 0.021820
0.000010 0.949947 0.000010 0.000010 0.050023
0.051302 0.766266 0.172301 0.000010 0.010121
0.202353 0.746218 0.019865 0.000010 0.031553
0.000010 0.000010 0.210225 0.757230 0.032525
0.109468 0.453409 0.041904 0.395209 0.000010
0.706348 0.036681 0.060389 0.156010 0.040571
0.145488 0.553823 0.000010 0.277876 0.022803
0.258255 0.712358 0.000010 0.000010 0.029367
0.176534 0.451132 0.014550 0.339363 0.018421
0.192517 0.157997 0.000010 0.643972 0.005504
0.000010 0.942125 0.000010 0.057845 0.000010
0.013420 0.084891 0.901669 0.000010 0.000010
0.000038 0.000010 0.025702 0.175239 0.799011
0.030752 0.943325 0.000010 0.000010 0.025902
0.010087 0.523996 0.032485 0.391738 0.041694
0.443034 0.000010 0.000010 0.556936 0.000010
0.180701 0.400900 0.034660 0.372961 0.010779
0.055851 0.000010 0.000010 0.944119 0.000010
0.160537 0.309660 0.003133 0.519885 0.006784
0.000010 0.969937 0.014098 0.000010 0.015945
0.260376 0.000010 0.000010 0.739594 0.000010
0.406609 0.000010 0.000010 0.593361 0.000010
0.041488 0.607408 0.000010 0.351084 0.000010
0.000010 0.000010 0.147981 0.843924 0.008074
0.079859 0.523204 0.010381 0.386546 0.000010
0.407576 0.190046 0.046188 0.349727 0.006464
0.139748 0.798879 0.042894 0.000010 0.018469
0.205015 0.000010 0.025787 0.748067 0.021121
0.282322 0.000010 0.020944 0.696714 0.000010
0.257422 0.410502 0.029232 0.283501 0.019342
0.219840 0.534474 0.000010 0.238982 0.006693
0.000010 0.931234 0.043827 0.023052 0.001877
0.057457 0.905277 0.037247 0.000010 0.000010
0.006884 0.973475 0.000010 0.000010 0.019621
0.097618 0.541664 0.000010 0.339507 0.021202
0.055794 0.488633 0.009164 0.408297 0.038111
0.000010 0.016902 0.804653 0.138043 0.040392
0.000010 0.176415 0.813435 0.000010 0.010129
0.196312 0.005127 0.020065 0.762833 0.015663
0.000012 0.000010 0.008360 0.080850 0.910769
0.000010 0.978115 0.001672 0.000010 0.020193
0.170479 0.791035 0.000010 0.000010 0.038465
0.045471 0.934550 0.000010 0.000010 0.019959
0.130570 0.398036 0.025156 0.429319 0.016919
0.195643 0.496526 0.031651 0.276170 0.000010
0.157098 0.110792 0.000010 0.727687 0.004413
0.283204 0.369353 0.002162 0.313515 0.031766
0.171866 0.131397 0.052860 0.609742 0.034135
0.142416 0.000010 0.034116 0.822073 0.001385
0.121950 0.232977 0.084613 0.560449 0.000010
0.044706 0.931877 0.013993 0.000010 0.009414
0.262739 0.000010 0.000010 0.725649 0.011592
0.475001 0.484773 0.012540 0.000010 0.027676
0.252193 0.503797 0.021895 0.222104 0.000010
0.039569 0.476077 0.039844 0.444500 0.000010
0.382289 0.000010 0.000010 0.612027 0.005664
0.000010 0.000010 0.000010 0.000010 0.999960
0.105459 0.495783 0.000010 0.398738 0.000010
0.220372 0.418416 0.001496 0.330533 0.029182
0.134594 0.144476 0.076112 0.106680 0.538138
0.000010 0.963310 0.036660 0.000010 0.000010
0.000010 0.457401 0.000010 0.512802 0.029777
0.000010 0.991489 0.000010 0.008481 0.000010
0.277844 0.000010 0.000010 0.690403 0.031733
0.004183 0.000010 0.893719 0.102078 0.000010
0.104652 0.056162 0.822896 0.000010 0.016280
0.068083 0.000010 0.000010 0.931887 0.000010
0.153137 0.130817 0.017709 0.261660 0.436677
0.251559 0.000010 0.046195 0.688139 0.014098
0.177391 0.301395 0.024302 0.471908 0.025004
0.000010 0.870957 0.086733 0.014666 0.027633
0.036781 0.313359 0.000010 0.634585 0.015265
0.074923 0.483783 0.020026 0.405714 0.015554
0.181624 0.491882 0.000010 0.326474 0.000010
0.010294 0.452211 0.000010 0.494783 0.042702
0.039087 0.000010 0.921070 0.039823 0.000010
0.000010 0.105323 0.836146 0.000010 0.058511
0.073490 0.392278 0.033428 0.499433 0.001370
0.134363 0.657833 0.022300 0.167560 0.017944
0.077192 0.156637 0.113700 0.162781 0.489690
0.128276 0.350097 0.023883 0.486689 0.011056
0.074595 0.903910 0.001307 0.000010 0.020178
0.284478 0.000010 0.000010 0.696808 0.018693
0.237921 0.531876 0.000010 0.213350 0.016843
0.194709 0.000010 0.013933 0.772161 0.019187
0.262603 0.000010 0.000010 0.737367 0.000010
0.111283 0.481605 0.000010 0.407092 0.000010
0.156302 0.826867 0.000010 0.000010 0.016812
0.179960 0.497538 0.000010 0.322482 0.000010
0.213026 0.000010 0.024404 0.749240 0.013320
0.142292 0.450250 0.046357 0.321793 0.039309
0.029691 0.000010 0.755113 0.144596 0.070590
0.457093 0.000010 0.000010 0.536980 0.005907
0.132350 0.735706 0.076409 0.000010 0.055525
0.216877 0.322931 0.114479 0.285877 0.059836
0.114745 0.566965 0.000010 0.276716 0.041563
0.000512 0.937967 0.035771 0.007856 0.017894
0.259134 0.000010 0.000010 0.740836 0.000010
0.221604 0.000010 0.000010 0.760093 0.018283
0.192213 0.757351 0.023177 0.000010 0.027249
0.237628 0.000010 0.002401 0.759951 0.000010
0.198436 0.454787 0.020742 0.281455 0.044579
0.020626 0.971672 0.000010 0.000010 0.007682
0.390438 0.335425 0.000010 0.274117 0.000010
0.042952 0.633136 0.000010 0.281692 0.042210
0.000010 0.184825 0.814595 0.000010 0.000560
0.136733 0.466533 0.000010 0.372055 0.024668
0.046773 0.885497 0.022100 0.000010 0.045620
0.067564 0.553629 0.000010 0.371194 0.007603
0.222917 0.498743 0.000010 0.250469 0.027861
0.063798 0.936172 0.000010 0.000010 0.000010
0.196212 0.714361 0.031853 0.034725 0.022849
0.347222 0.413944 0.000010 0.227697 0.011127
0.000010 0.267437 0.150990 0.538488 0.043075
0.029136 0.890399 0.020526 0.034110 0.025829
0.550881 0.320181 0.000010 0.127234 0.001694
0.202862 0.000010 0.000010 0.793135 0.003983
0.541610 0.329213 0.002281 0.096176 0.030720
0.008650 0.808686 0.009259 0.173396 0.000010
0.041356 0.932045 0.000010 0.000010 0.026579
0.130072 0.490428 0.012758 0.366732 0.000010
0.139728 0.000010 0.750295 0.090308 0.019659
0.220987 0.000010 0.019763 0.759230 0.000010
0.000016 0.000010 0.000010 0.000010 0.999954
0.098157 0.269606 0.489468 0.142758 0.000010
0.127154 0.415337 0.033812 0.399924 0.023772
0.612046 0.160911 0.094292 0.132741 0.000010
0.135591 0.442920 0.022329 0.399150 0.000010
0.000010 0.948920 0.031242 0.000010 0.019818
0.072652 0.528287 0.055667 0.319694 0.023698
0.195462 0.000010 0.035345 0.349857 0.419326
0.327643 0.000010 0.000010 0.661368 0.010969
0.041906 0.895720 0.000011 0.000010 0.062353
0.126585 0.377816 0.035624 0.448115 0.011860
0.292918 0.692776 0.000010 0.000010 0.014287
0.000010 0.149316 0.000010 0.000010 0.850654
0.072179 0.000010 0.164453 0.763348 0.000010
0.138698 0.762880 0.098402 0.000010 0.000010
0.002501 0.550384 0.081782 0.351980 0.013353
0.000017 0.000010 0.950207 0.049756 0.000010
0.208486 0.562059 0.083692 0.114592 0.031171
0.000010 0.955432 0.040078 0.000010 0.004471
0.202073 0.483917 0.000010 0.306531 0.007468
0.000010 0.051148 0.912954 0.035878 0.000010
0.234795 0.000010 0.000010 0.765175 0.000010
0.261951 0.448466 0.044263 0.220622 0.024698
0.205506 0.000010 0.003303 0.778794 0.012387
0.220181 0.000010 0.000010 0.779789 0.000010
0.000010 0.000010 0.868906 0.131064 0.000010
0.050158 0.909298 0.006761 0.000010 0.033774
0.000010 0.000010 0.890101 0.109869 0.000010
0.205790 0.780276 0.000010 0.000010 0.013914
0.049898 0.881110 0.011125 0.000010 0.057858
0.129401 0.675725 0.000010 0.194135 0.000729
0.004417 0.982580 0.001627 0.000010 0.011365
0.000010 0.533637 0.000010 0.465547 0.000796
0.000010 0.985117 0.000010 0.000010 0.014853
0.000010 0.000010 0.000010 0.004818 0.995152
0.000010 0.377050 0.000010 0.622920 0.000010
0.000010 0.949171 0.000010 0.000010 0.050799
0.345432 0.632105 0.000010 0.000010 0.022442
0.083969 0.627541 0.019335 0.269146 0.000010
0.000010 0.075780 0.802889 0.105229 0.016092
0.141526 0.800712 0.000016 0.000010 0.057737
0.075853 0.869790 0.026909 0.000010 0.027437
0.009029 0.367004 0.517323 0.000010 0.106634
0.105963 0.865094 0.000010 0.028923 0.000010
0.031043 0.339423 0.030565 0.578733 0.020235
0.033641 0.921469 0.005104 0.000010 0.039776
0.116237 0.126351 0.601982 0.106460 0.048971
0.000010 0.931364 0.001305 0.017955 0.049366
0.148385 0.000010 0.000010 0.822278 0.029317
0.011850 0.000010 0.863465 0.122324 0.002351
0.020738 0.953860 0.004780 0.000010 0.020612
0.157281 0.433846 0.051496 0.267144 0.090233
0.046345 0.831306 0.077114 0.042527 0.002708
0.176323 0.000010 0.000010 0.823033 0.000624
0.136111 0.000010 0.000010 0.845197 0.018671
0.157331 0.071737 0.000010 0.755007 0.015915
0.183902 0.000010 0.019259 0.796820 0.000010
0.116262 0.459703 0.010854 0.405933 0.007247
0.130638 0.430776 0.028850 0.380312 0.029424
0.000010 0.884443 0.000010 0.062536 0.053001
0.000010 0.514050 0.004863 0.453505 0.027573
0.032068 0.528453 0.020083 0.409166 0.010231
0.009452 0.948063 0.000010 0.000010 0.042464
0.193891 0.000010 0.055129 0.750959 0.000010
0.250042 0.749928 0.000010 0.000010 0.000010
0.139106 0.447911 0.000010 0.408435 0.004538
0.000010 0.105732 0.894238 0.000010 0.000010
0.059230 0.531177 0.000010 0.379844 0.029739
0.665448 0.000010 0.023237 0.311296 0.000010
0.400174 0.000010 0.000010 0.599796 0.000010
0.094586 0.487927 0.006107 0.411370 0.000010
0.167250 0.481851 0.026549 0.288743 0.035608
0.144655 0.650281 0.054229 0.150825 0.000010
0.246694 0.599197 0.085533 0.024436 0.044140
0.147528 0.400800 0.025911 0.410650 0.015110
0.016935 0.983035 0.000010 0.000010 0.000010
0.021162 0.000010 0.092436 0.844882 0.041510
0.026620 0.391687 0.048338 0.510860 0.022495
0.156400 0.833585 0.000010 0.000010 0.009995
0.335586 0.535311 0.008665 0.120428 0.000010
0.046806 0.905605 0.047569 0.000010 0.000010
0.153460 0.484427 0.000010 0.315674 0.046429
0.162814 0.486919 0.000010 0.327532 0.022725
0.000010 0.365837 0.606794 0.000010 0.027349
0.091832 0.000010 0.098464 0.269216 0.540478
0.045695 0.380566 0.000010 0.565557 0.008172
0.090843 0.506882 0.016773 0.383448 0.002055
0.085441 0.426495 0.068265 0.404061 0.015738
0.100177 0.113174 0.301583 0.376501 0.108565
0.045514 0.347898 0.119889 0.000010 0.486689
0.546131 0.000010 0.077516 0.350501 0.025842
0.063610 0.127684 0.042190 0.042174 0.724341
0.118675 0.318357 0.234641 0.173094 0.155234
0.037764 0.877546 0.022017 0.048991 0.013682
0.000010 0.968111 0.000385 0.000010 0.031484
0.256097 0.000010 0.000010 0.743873 0.000010
0.000010 0.000010 0.048537 0.081409 0.870034
0.069981 0.492878 0.000010 0.402434 0.034697
0.000010 0.000010 0.002379 0.000010 0.997591
0.089702 0.448183 0.000010 0.461320 0.000785
0.122794 0.420577 0.000010 0.445741 0.010878
0.178460 0.360388 0.097169 0.340183 0.023799
0.034894 0.424301 0.000010 0.511647 0.029147
0.426725 0.000010 0.002688 0.569998 0.000579
0.024939 0.866237 0.068254 0.000010 0.040560
0.000010 0.115730 0.114276 0.705685 0.064299
0.069775 0.898518 0.007944 0.000010 0.023753
0.308229 0.540778 0.000010 0.150973 0.000010
0.220274 0.356645 0.000010 0.374535 0.048535
0.001077 0.887605 0.009607 0.069557 0.032154
0.245522 0.498684 0.042551 0.213233 0.000010
0.177274 0.468655 0.034423 0.319638 0.000010
0.130449 0.465067 0.000010 0.350600 0.053874
0.157047 0.000010 0.000010 0.842923 0.000010
0.135754 0.331281 0.094748 0.396959 0.041257
0.224030 0.000010 0.000010 0.775940 0.000010
0.255322 0.584030 0.030369 0.127058 0.003220
0.000010 0.959083 0.000010 0.006725 0.034172
0.433264 0.366497 0.116759 0.000010 0.083470
0.140093 0.592974 0.022685 0.244238 0.000010
0.053904 0.000010 0.123459 0.339182 0.483445
0.166378 0.825712 0.003463 0.000010 0.004436
0.161323 0.386075 0.036889 0.371293 0.044419
0.000010 0.180285 0.004638 0.000010 0.815057
0.367838 0.404277 0.000010 0.227865 0.000010
0.000010 0.976037 0.010367 0.001300 0.012286
0.006360 0.455896 0.000010 0.503988 0.033746
0.000010 0.105842 0.892192 0.000010 0.001946
0.000010 0.887150 0.080186 0.000010 0.032643
0.044745 0.900797 0.036019 0.000010 0.018429
0.000010 0.626135 0.254360 0.000010 0.119485
0.518510 0.000010 0.095947 0.385523 0.000010
0.000010 0.000010 0.817441 0.165300 0.017239
0.080849 0.000010 0.023408 0.093523 0.802209
0.000010 0.941902 0.016798 0.019986 0.021304
0.047519 0.905786 0.000814 0.042796 0.003085
0.101378 0.619130 0.041996 0.216619 0.020877
0.083404 0.413070 0.063877 0.415176 0.024474
0.582047 0.390932 0.025211 0.000010 0.001799
0.201658 0.405350 0.008695 0.375845 0.008453
0.036934 0.104134 0.830802 0.000010 0.028121
0.139470 0.860500 0.000010 0.000010 0.000010
0.104024 0.325458 0.030976 0.539532 0.000010
0.011527 0.500625 0.070602 0.417235 0.000010
0.035981 0.000010 0.865176 0.097404 0.001430
0.142668 0.570753 0.000010 0.238277 0.048292
0.261382 0.445106 0.000010 0.247487 0.046016
0.157099 0.464364 0.000010 0.359211 0.019317
0.047729 0.571855 0.039074 0.301090 0.040253
0.309000 0.000010 0.000010 0.690970 0.000010
0.000010 0.973047 0.000010 0.001727 0.025206
0.000010 0.399860 0.212547 0.000010 0.387573
0.000010 0.000010 0.000010 0.047102 0.952868
0.174563 0.801204 0.013162 0.000010 0.011061
0.303158 0.000010 0.012804 0.684017 0.000010
0.141150 0.530114 0.052417 0.256478 0.019840
0.181298 0.502800 0.042163 0.273730 0.000010
0.286951 0.000010 0.000010 0.713019 0.000010
0.026447 0.153746 0.810081 0.000010 0.009716
0.000010 0.000010 0.856342 0.143628 0.000010
0.066259 0.000010 0.796025 0.137696 0.000010
0.002461 0.915007 0.033398 0.000010 0.049124
0.000010 0.566423 0.045312 0.388246 0.000010
0.000010 0.990984 0.000010 0.000010 0.008986
0.019119 0.093212 0.872563 0.000010 0.015096
0.116795 0.553667 0.000010 0.329519 0.000010
0.007646 0.973429 0.018905 0.000010 0.000010
0.000010 0.109261 0.876688 0.000010 0.014031
0.201961 0.510667 0.000010 0.287352 0.000010
0.078347 0.503944 0.017660 0.370606 0.029443
0.000010 0.014745 0.861338 0.109447 0.014460
0.099764 0.000010 0.811317 0.088899 0.000010
0.000010 0.389584 0.119279 0.491118 0.000010
0.026515 0.951885 0.007151 0.000010 0.014440
0.100055 0.586936 0.019965 0.293034 0.000010
0.035039 0.894428 0.050234 0.020289 0.000010
0.000010 0.952023 0.027135 0.000010 0.020821
0.089556 0.531259 0.006682 0.345990 0.026513
0.156315 0.000010 0.064960 0.037571 0.741144
0.093301 0.002991 0.134814 0.115973 0.652921
0.000010 0.747438 0.000010 0.252532 0.000010
0.000010 0.056469 0.930422 0.000010 0.013088
0.000010 0.000010 0.965515 0.000010 0.034455
0.205623 0.000010 0.007415 0.782785 0.004167
0.059707 0.000560 0.000010 0.000010 0.939713
0.080886 0.619633 0.032770 0.229707 0.037005
0.173505 0.466680 0.014429 0.345376 0.000010
0.000010 0.024906 0.951247 0.000010 0.023827
0.000010 0.456129 0.005994 0.530905 0.006962
0.248526 0.537573 0.108574 0.048219 0.057108
0.000010 0.081606 0.918364 0.000010 0.000010
0.005108 0.906235 0.024234 0.034227 0.030197
0.593947 0.249975 0.130374 0.000010 0.025694
0.141184 0.000010 0.030508 0.053643 0.774655
0.073636 0.536761 0.000010 0.389583 0.000010
0.163880 0.776594 0.041528 0.000010 0.017988
0.448209 0.000010 0.167926 0.337023 0.046833
0.122271 0.418719 0.000010 0.425106 0.033893
0.113805 0.786472 0.052198 0.000010 0.047514
0.026792 0.531632 0.010580 0.414283 0.016713
0.000010 0.194795 0.763772 0.000010 0.041414
0.039131 0.000010 0.870233 0.072466 0.018160
0.000010 0.000010 0.999960 0.000010 0.000010
0.017907 0.000010 0.959284 0.000010 0.022790
0.002095 0.000010 0.995745 0.002140 0.000010
0.000010 0.985896 0.000010 0.014074 0.000010
0.616281 0.278585 0.089241 0.000010 0.015883
0.041920 0.958050 0.000010 0.000010 0.000010
0.081533 0.147043 0.025645 0.000010 0.745768
0.000010 0.999960 0.000010 0.000010 0.000010
0.245934 0.411960 0.025118 0.314052 0.002937
0.233423 0.000010 0.217386 0.407271 0.141910
0.185942 0.381878 0.019160 0.413010 0.000010
0.285664 0.000010 0.001376 0.702291 0.010659
0.070073 0.860297 0.065550 0.000010 0.004070
0.266757 0.477031 0.045656 0.166742 0.043815
0.174060 0.446878 0.025999 0.303529 0.049534
0.150093 0.503014 0.048940 0.277028 0.020925
0.453304 0.294840 0.181855 0.000010 0.069991
0.080633 0.000010 0.861148 0.058199 0.000010
0.000010 0.989670 0.000010 0.000010 0.010300
0.123306 0.101539 0.084424 0.163887 0.526844
0.000010 0.000010 0.999960 0.000010 0.000010
0.029344 0.032045 0.881700 0.000010 0.056901
0.173282 0.000010 0.014503 0.812195 0.000010
0.000010 0.000010 0.972019 0.016015 0.011945
0.000010 0.000010 0.949082 0.041547 0.009351
0.241898 0.000010 0.000010 0.758072 0.000010
0.297051 0.000010 0.000010 0.702919 0.000010
0.000010 0.816213 0.000010 0.175157 0.008610
0.294375 0.000010 0.000010 0.705595 0.000010
0.000010 0.967450 0.000010 0.000010 0.032520
0.207996 0.154754 0.405266 0.148429 0.083556
0.298464 0.000010 0.000010 0.698029 0.003487
0.000010 0.138684 0.861286 0.000010 0.000010
0.108844 0.032142 0.050413 0.052005 0.756596
0.128903 0.487213 0.016298 0.351297 0.016288
0.000010 0.055011 0.919336 0.000010 0.025633
0.007947 0.982866 0.006042 0.000010 0.003135
0.670481 0.001402 0.146842 0.137933 0.043343
0.143361 0.000010 0.000010 0.000010 0.856609
0.090256 0.550988 0.000010 0.358736 0.000010
0.022134 0.491497 0.000010 0.479887 0.006471
0.000010 0.000010 0.000010 0.000010 0.999960
0.090158 0.326683 0.013188 0.569962 0.000010
0.027671 0.920736 0.051572 0.000010 0.000010
0.000010 0.000010 0.874689 0.125281 0.000010
0.146425 0.568759 0.012249 0.272558 0.000010
0.070841 0.440129 0.002687 0.469488 0.016856
0.000010 0.962124 0.000010 0.000010 0.037846
0.131021 0.343441 0.032620 0.487620 0.005298
0.070646 0.402761 0.055045 0.471539 0.000010
0.226325 0.430644 0.024303 0.318717 0.000010
0.210260 0.656037 0.000010 0.133683 0.000010
0.034258 0.000010 0.942368 0.003164 0.020200
0.265796 0.000010 0.014938 0.686360 0.032896
0.020853 0.000010 0.096569 0.037634 0.844933
0.000010 0.036596 0.864338 0.070078 0.028978
0.229507 0.000010 0.045882 0.724590 0.000010
0.051604 0.000010 0.000010 0.000010 0.948366
0.000254 0.274968 0.171897 0.516250 0.036630
0.000010 0.580780 0.215512 0.176038 0.027659
0.101340 0.635317 0.037445 0.225888 0.000010
0.000010 0.959551 0.007241 0.000010 0.033188
0.000010 0.029099 0.000010 0.000010 0.970871
0.303080 0.000010 0.000010 0.696890 0.000010
0.705349 0.294621 0.000010 0.000010 0.000010
0.000010 0.904496 0.000010 0.091317 0.004168
0.615814 0.311087 0.039333 0.000010 0.033757
0.109547 0.000010 0.097992 0.082922 0.709528
0.433314 0.312987 0.217432 0.020520 0.015747
0.265706 0.000010 0.006819 0.712038 0.015426
0.000010 0.000010 0.000010 0.000010 0.999960
0.522276 0.338390 0.090694 0.000010 0.048629
0.053858 0.017795 0.888189 0.000010 0.040148
0.000010 0.000010 0.000010 0.000010 0.999960
0.000010 0.999960 0.000010 0.000010 0.000010
0.189989 0.489511 0.000010 0.304947 0.015543
0.218492 0.273216 0.096434 0.389095 0.022763
0.121399 0.461886 0.047944 0.341352 0.027419
0.063206 0.589174 0.045553 0.252187 0.049880
0.030287 0.000010 0.844124 0.125569 0.000010
0.627068 0.000010 0.114856 0.253009 0.005058
0.632099 0.000010 0.192800 0.118985 0.056105
0.045268 0.000010 0.025003 0.000010 0.929709
0.000010 0.000010 0.999960 0.000010 0.000010
0.000010 0.954208 0.027352 0.000010 0.018419
0.019404 0.522721 0.001002 0.456863 0.000010
0.000010 0.442433 0.151512 0.352797 0.053247
0.036213 0.963757 0.000010 0.000010 0.000010
0.290252 0.436844 0.042183 0.230711 0.000010
0.100977 0.042796 0.154266 0.164933 0.537028
0.000010 0.373090 0.055571 0.000010 0.571319
0.019294 0.000010 0.000010 0.000010 0.980676
0.000010 0.053679 0.868889 0.062073 0.015349
0.131645 0.829270 0.035169 0.000010 0.003906
0.067620 0.533216 0.034675 0.334312 0.030176
0.050996 0.000010 0.820902 0.128082 0.000010
0.050657 0.540476 0.018119 0.372980 0.017768
0.010460 0.089302 0.900218 0.000010 0.000010
0.000010 0.000010 0.973994 0.022460 0.003526
0.294787 0.363342 0.142597 0.189872 0.009402
0.025906 0.884468 0.048309 0.036156 0.005161
0.082057 0.000010 0.917913 0.000010 0.000010
0.290466 0.505056 0.154718 0.000010 0.049749
0.003013 0.058788 0.473472 0.021380 0.443347
0.630240 0.000010 0.160373 0.177881 0.031497
0.043864 0.000010 0.855358 0.100758 0.000010
0.072229 0.868421 0.048718 0.000010 0.010622
0.054751 0.000010 0.837655 0.107575 0.000010
0.000010 0.044244 0.951363 0.004374 0.000010
0.097049 0.301333 0.259333 0.209258 0.133027
0.071319 0.000010 0.855469 0.073193 0.000010
0.295971 0.390168 0.052023 0.237031 0.024807
0.017948 0.950504 0.014221 0.000010 0.017317
0.035889 0.000010 0.045651 0.102684 0.815765
0.000010 0.000010 0.949514 0.039424 0.011041
0.000010 0.000010 0.999800 0.000170 0.000010
0.151276 0.000010 0.000010 0.848694 0.000010
0.055738 0.183717 0.700842 0.000010 0.059692
0.007551 0.148596 0.795967 0.000010 0.047876
0.187119 0.000010 0.000010 0.812851 0.000010
0.330626 0.554929 0.000010 0.109334 0.005101
0.028005 0.967963 0.000010 0.000010 0.004012
0.163409 0.470517 0.000010 0.366054 0.000010
0.027252 0.095113 0.863861 0.013764 0.000010
0.147261 0.000010 0.000010 0.848228 0.004492
0.141043 0.000010 0.000010 0.824215 0.034722
0.000010 0.000010 0.000010 0.000010 0.999960
0.029308 0.000010 0.970662 0.000010 0.000010
0.000010 0.040682 0.959288 0.000010 0.000010
0.653932 0.346038 0.000010 0.000010 0.000010
0.785316 0.000010 0.032505 0.182159 0.000010
0.200302 0.785155 0.000010 0.000010 0.014524
0.576018 0.402939 0.000010 0.000010 0.021022
0.043592 0.453815 0.050036 0.421053 0.031505
0.000010 0.014883 0.018099 0.000010 0.966998
0.301229 0.625137 0.000010 0.070812 0.002811
0.154903 0.003818 0.000010 0.841259 0.000010
0.133498 0.000010 0.026092 0.806555 0.033845
0.030300 0.062170 0.897502 0.000010 0.010019
0.000010 0.000010 0.000010 0.000010 0.999960
0.121260 0.000010 0.820553 0.058167 0.000010
0.678018 0.228788 0.086446 0.000010 0.006737
0.000010 0.073265 0.926705 0.000010 0.000010
0.000010 0.628354 0.101937 0.210397 0.059302
0.000010 0.000010 0.008784 0.125700 0.865496
0.301646 0.498798 0.024536 0.154613 0.020407
0.000010 0.000010 0.000010 0.071557 0.928413
0.049172 0.000010 0.848849 0.051616 0.050353
0.040693 0.035960 0.000010 0.000010 0.923327
0.002896 0.000010 0.896377 0.091330 0.009387
0.000010 0.000010 0.900436 0.046429 0.053115
0.000010 0.000010 0.999960 0.000010 0.000010
0.000010 0.011847 0.988123 0.000010 0.000010
0.046536 0.000010 0.953434 0.000010 0.000010
0.021571 0.631681 0.255528 0.000010 0.091210
0.000010 0.130183 0.841497 0.000010 0.028300
0.200900 0.000010 0.000010 0.799070 0.000010
0.000010 0.000010 0.000010 0.000010 0.999960
0.009683 0.000010 0.990287 0.000010 0.000010
0.107734 0.000010 0.838718 0.000010 0.053528
0.200225 0.000010 0.000103 0.795859 0.003803
0.000010 0.000010 0.000010 0.000010 0.999960
0.029738 0.000010 0.958665 0.011577 0.000010
0.000010 0.232747 0.193226 0.511613 0.062403
0.339704 0.442231 0.000010 0.208574 0.009481
0.068786 0.518061 0.000010 0.384106 0.029037
0.379904 0.548253 0.000010 0.040428 0.031404
0.003270 0.000010 0.001370 0.000010 0.995339
0.007689 0.967380 0.000010 0.000010 0.024911
0.073321 0.074195 0.714204 0.111995 0.026285
0.720662 0.184712 0.075258 0.000010 0.019359
0.174905 0.471822 0.017410 0.321578 0.014285
0.010675 0.146166 0.818601 0.000010 0.024549
0.748521 0.000010 0.051823 0.140643 0.059003
0.310662 0.497619 0.000010 0.178547 0.013163
0.052252 0.934396 0.013000 0.000010 0.000342
0.000010 0.000010 0.999960 0.000010 0.000010
0.000010 0.937544 0.000196 0.062239 0.000010
0.527157 0.292530 0.154931 0.000010 0.025371
0.039378 0.000010 0.952877 0.007725 0.000010
0.000010 0.945686 0.026911 0.010050 0.017342
0.000010 0.065090 0.029307 0.000010 0.905583
0.000010 0.000010 0.000010 0.000010 0.999960
0.627838 0.229213 0.110418 0.000010 0.032521
0.000246 0.000010 0.974542 0.000010 0.025192
0.315770 0.381268 0.232658 0.000010 0.070294
0.073573 0.000010 0.926397 0.000010 0.000010
0.090803 0.000010 0.883598 0.025579 0.000010
0.337272 0.355306 0.191203 0.000010 0.116210
0.155577 0.378234 0.066384 0.399795 0.000010
0.016291 0.000010 0.947790 0.035900 0.000010
0.189460 0.547920 0.032745 0.195087 0.034788
0.049903 0.000010 0.000010 0.028941 0.921137
0.000010 0.000010 0.006646 0.000010 0.993324
0.110429 0.389012 0.000544 0.476337 0.023678
0.000010 0.893307 0.054231 0.048619 0.003833
0.034334 0.000010 0.000010 0.013980 0.951666
0.050471 0.000010 0.949499 0.000010 0.000010
0.259402 0.000010 0.026278 0.714300 0.000010
0.000010 0.084452 0.915518 0.000010 0.000010
0.310329 0.232675 0.023265 0.416363 0.017368
0.173113 0.431713 0.000010 0.385184 0.009980
0.194274 0.000010 0.058977 0.683599 0.063140
0.181711 0.000010 0.013135 0.786868 0.018276
0.658518 0.327016 0.014446 0.000010 0.000010
0.319766 0.000010 0.002205 0.678009 0.000010
0.390482 0.361225 0.177864 0.070420 0.000010
0.265607 0.000010 0.036063 0.697485 0.000835
0.000010 0.000010 0.904182 0.083416 0.012381
0.114276 0.866503 0.019201 0.000010 0.000010
0.222029 0.000010 0.000010 0.777941 0.000010
0.013253 0.128619 0.852614 0.000010 0.005504
0.136831 0.534097 0.000010 0.315708 0.013353
0.220724 0.000010 0.002858 0.776398 0.000010
0.022018 0.152738 0.798963 0.000010 0.026271
0.070815 0.815757 0.078001 0.015697 0.019730
0.000010 0.998218 0.001752 0.000010 0.000010
0.402737 0.000010 0.245316 0.319026 0.032910
0.000010 0.156496 0.828490 0.000010 0.014994
0.190199 0.488296 0.002336 0.304119 0.015050
0.260369 0.000010 0.000010 0.737379 0.002232
0.046515 0.000010 0.953455 0.000010 0.000010
0.285283 0.020421 0.252827 0.162223 0.279245
0.000010 0.000010 0.981233 0.018737 0.000010
0.279963 0.000010 0.000010 0.701289 0.018728
0.166064 0.000010 0.066149 0.143008 0.624768
0.015263 0.840425 0.000010 0.138074 0.006229
0.406609 0.513597 0.068841 0.000010 0.010943
0.225513 0.000010 0.000010 0.774457 0.000010
0.177637 0.000010 0.012995 0.809348 0.000010
0.092194 0.421077 0.000010 0.486709 0.000010
0.000010 0.558123 0.185197 0.206008 0.050662
0.217022 0.499786 0.000010 0.283172 0.000010
0.168510 0.369736 0.000864 0.420259 0.040632
0.091774 0.540191 0.000010 0.356549 0.011477
0.000010 0.000010 0.000010 0.000010 0.999960
0.000010 0.141269 0.858701 0.000010 0.000010
0.000010 0.000010 0.940239 0.059731 0.000010
0.040655 0.000010 0.932928 0.024107 0.002300
0.290298 0.294295 0.155205 0.232519 0.027683
0.000010 0.883222 0.065566 0.025705 0.025497
0.470898 0.351737 0.151729 0.000010 0.025626
0.178872 0.000010 0.030561 0.780438 0.010119
0.399272 0.000010 0.157492 0.406763 0.036463
0.124319 0.491345 0.017585 0.356189 0.010562
0.230433 0.103065 0.000010 0.666482 0.000010
0.041835 0.583548 0.000010 0.369190 0.005417
0.066073 0.536528 0.015694 0.381695 0.000010
0.722435 0.277535 0.000010 0.000010 0.000010
0.619648 0.207012 0.119529 0.000010 0.053800
0.000010 0.971770 0.000010 0.000010 0.028200
0.016142 0.771866 0.000010 0.191989 0.019993
0.013670 0.000010 0.009334 0.048614 0.928371
0.103431 0.000010 0.876990 0.000010 0.019560
0.016070 0.000010 0.947140 0.036770 0.000010
0.253728 0.000010 0.000010 0.746242 0.000010
0.062457 0.898414 0.015280 0.000010 0.023838
0.094682 0.756135 0.029701 0.108574 0.010908
0.354661 0.453590 0.000010 0.179777 0.011962
0.686135 0.291868 0.000010 0.000010 0.021976
0.129756 0.571732 0.000010 0.268692 0.029810
0.371092 0.000010 0.021481 0.607407 0.000010
0.382658 0.557797 0.004324 0.034758 0.020464
0.086387 0.254186 0.301485 0.156606 0.201335
0.183302 0.030174 0.000010 0.786503 0.000010
0.000010 0.953468 0.040811 0.000010 0.005701
0.184953 0.000010 0.243995 0.405603 0.165439
0.076141 0.377852 0.015439 0.521493 0.009074
0.043267 0.589717 0.000010 0.366996 0.000010
0.485919 0.000010 0.181570 0.153576 0.178925
0.374333 0.370694 0.143550 0.088279 0.023143
0.129482 0.000010 0.043523 0.138123 0.688863
0.565416 0.257404 0.123041 0.000010 0.054128
0.000010 0.049941 0.950029 0.000010 0.000010
0.070856 0.927688 0.001436 0.000010 0.000010
0.020306 0.426960 0.023725 0.484083 0.044925
0.000010 0.000010 0.000010 0.000010 0.999960
0.078601 0.000010 0.834830 0.084315 0.002244
0.179902 0.000010 0.062749 0.189917 0.567422
0.350563 0.255951 0.288437 0.052460 0.052590
0.197999 0.420831 0.084148 0.297013 0.000010
0.020727 0.399643 0.175514 0.383760 0.020356
0.126349 0.000010 0.024565 0.849066 0.000010
0.396913 0.294771 0.285292 0.000010 0.023014
0.199717 0.000010 0.016349 0.783914 0.000010
0.000010 0.280277 0.000010 0.000010 0.719693
0.000010 0.936711 0.041614 0.000010 0.021656
0.646246 0.079613 0.079178 0.161919 0.033044
0.128277 0.355066 0.000010 0.501796 0.014852
0.300559 0.288111 0.128923 0.238619 0.043787
0.203205 0.539544 0.000010 0.215422 0.041819
0.047558 0.415776 0.109842 0.374322 0.052503
0.044532 0.020398 0.903631 0.000010 0.031428
