0.103802 0.003547 0.892652
0.892033 0.035990 0.071977
0.907199 0.023603 0.069198
0.995173 0.000010 0.004817
0.857889 0.042749 0.099362
0.893580 0.033526 0.072894
0.245963 0.017581 0.736456
0.914657 0.047408 0.037935
0.936448 0.060275 0.003277
0.952200 0.019634 0.028166
0.852728 0.027458 0.119815
0.050645 0.930048 0.019306
0.491212 0.219687 0.289101
0.850441 0.071294 0.078265
0.848515 0.067988 0.083497
0.749953 0.106327 0.143720
0.748747 0.098952 0.152301
0.883336 0.013114 0.103550
0.913906 0.030745 0.055348
0.961302 0.038688 0.000010
0.736584 0.047208 0.216208
0.939775 0.025099 0.035125
0.272342 0.657027 0.070631
0.900585 0.021634 0.077781
0.882126 0.083367 0.034507
0.945078 0.037015 0.017907
0.894011 0.029437 0.076552
0.911698 0.046359 0.041943
0.890032 0.032071 0.077897
0.044160 0.000010 0.955830
0.162958 0.833464 0.003579
0.893944 0.038228 0.067828
0.000010 0.000010 0.999980
0.812584 0.065092 0.122324
0.955530 0.044460 0.000010
0.862258 0.038624 0.099117
0.950956 0.004272 0.044772
0.919441 0.030572 0.049988
0.894649 0.017231 0.088120
0.914433 0.028856 0.056712
0.851632 0.036755 0.111613
0.940130 0.037755 0.022115
0.921765 0.026373 0.051863
0.943243 0.006141 0.050616
0.102875 0.881095 0.016030
0.132140 0.807551 0.060309
0.862635 0.037494 0.099871
0.911000 0.005758 0.083242
0.828576 0.053120 0.118304
0.908038 0.033940 0.058021
0.921655 0.043532 0.034812
0.934970 0.044109 0.020920
0.913681 0.024714 0.061605
0.891709 0.050654 0.057637
0.183344 0.788592 0.028064
0.934322 0.025108 0.040570
0.899500 0.041968 0.058531
0.922419 0.039598 0.037983
0.895058 0.021095 0.083848
0.865046 0.070524 0.064430
0.881465 0.061233 0.057302
0.427111 0.503799 0.069090
0.962159 0.024551 0.013290
0.000010 0.999980 0.000010
0.931984 0.047870 0.020146
0.944174 0.028400 0.027426
0.915081 0.036585 0.048334
0.927616 0.034746 0.037638
0.828813 0.057663 0.113524
0.940029 0.012982 0.046989
0.950669 0.019600 0.029731
0.849145 0.024730 0.126125
0.132472 0.000010 0.867518
0.999980 0.000010 0.000010
0.903500 0.000010 0.096490
0.911549 0.088441 0.000010
0.946344 0.028055 0.025601
0.868088 0.056967 0.074945
0.866342 0.056273 0.077385
0.850954 0.094759 0.054287
0.155892 0.726685 0.117423
0.006875 0.000010 0.993115
0.104543 0.026734 0.868723
0.033748 0.007375 0.958877
0.053963 0.000010 0.946027
0.871078 0.033468 0.095455
0.903147 0.029595 0.067258
0.915638 0.037780 0.046582
0.849034 0.060285 0.090681
0.859888 0.053635 0.086477
0.944094 0.038719 0.017187
0.936863 0.001836 0.061300
0.850293 0.054670 0.095037
0.954405 0.045046 0.000549
0.931844 0.051895 0.016260
0.896809 0.045178 0.058013
0.851615 0.059908 0.088478
0.929330 0.055809 0.014861
0.937168 0.000010 0.062822
0.914464 0.047550 0.037986
0.846094 0.066980 0.086927
0.920632 0.026379 0.052990
0.850536 0.026625 0.122839
0.874776 0.045118 0.080105
0.832320 0.016214 0.151466
0.858279 0.058165 0.083556
0.347478 0.278475 0.374046
0.067964 0.920618 0.011418
0.838543 0.039763 0.121694
0.902182 0.026400 0.071418
0.910533 0.064919 0.024548
0.081351 0.812364 0.106285
0.951529 0.000010 0.048461
0.902081 0.021257 0.076662
0.898073 0.061246 0.040681
0.918747 0.035939 0.045314
0.892688 0.067500 0.039811
0.912601 0.053093 0.034307
0.972377 0.000010 0.027613
0.885539 0.037952 0.076509
0.275153 0.641151 0.083696
0.930115 0.029947 0.039939
0.879651 0.058534 0.061815
0.916552 0.022118 0.061330
0.315022 0.556148 0.128830
0.887496 0.059532 0.052971
0.921419 0.046835 0.031746
0.911778 0.032024 0.056198
0.909108 0.030933 0.059959
0.054954 0.945036 0.000010
0.621795 0.106293 0.271912
0.923248 0.052017 0.024735
0.045158 0.016713 0.938129
0.901806 0.069965 0.028229
0.947910 0.012651 0.039439
0.916720 0.062615 0.020664
0.900417 0.089024 0.010559
0.970022 0.004522 0.025456
0.856486 0.021791 0.121723
0.898380 0.043289 0.058330
0.895816 0.040414 0.063770
0.918416 0.033937 0.047648
0.978977 0.021013 0.000010
0.881342 0.051520 0.067138
0.000010 0.000010 0.999980
0.871035 0.031178 0.097787
0.924346 0.031987 0.043668
0.958252 0.028121 0.013627
0.932750 0.040704 0.026547
0.931311 0.022992 0.045697
0.815105 0.047714 0.137181
0.852408 0.086283 0.061309
0.911878 0.041461 0.046661
0.904257 0.047192 0.048551
0.898799 0.025630 0.075571
0.892254 0.020237 0.087508
0.727235 0.059263 0.213502
0.904716 0.020935 0.074349
0.833284 0.016033 0.150683
0.875648 0.000010 0.124342
0.928692 0.021038 0.050270
0.108045 0.004652 0.887303
0.692907 0.070895 0.236198
0.917096 0.000010 0.082894
0.901788 0.000010 0.098202
0.841623 0.048910 0.109467
0.959785 0.039155 0.001060
0.915256 0.040540 0.044203
0.877032 0.064957 0.058011
0.914275 0.059483 0.026242
0.800806 0.020311 0.178883
0.799427 0.047394 0.153179
0.889129 0.056480 0.054391
0.731257 0.068633 0.200110
0.892442 0.023830 0.083729
0.910174 0.022816 0.067010
0.906319 0.038218 0.055463
0.031294 0.000010 0.968696
0.791207 0.042379 0.166414
0.000010 0.000010 0.999980
0.934189 0.065801 0.000010
0.427558 0.072324 0.500118
0.033382 0.049995 0.916623
0.923947 0.031208 0.044845
0.311450 0.508043 0.180507
0.843478 0.055169 0.101353
0.917217 0.014546 0.068237
0.873122 0.045217 0.081661
0.834904 0.041421 0.123675
0.107902 0.890981 0.001117
0.835123 0.043730 0.121147
0.948313 0.040965 0.010722
0.960360 0.009163 0.030477
0.963419 0.018017 0.018565
0.138953 0.831256 0.029791
0.923107 0.056710 0.020183
0.913140 0.061543 0.025317
0.548904 0.143993 0.307103
0.679617 0.058519 0.261864
0.905913 0.039122 0.054965
0.921153 0.037739 0.041108
0.880451 0.054440 0.065109
0.000010 0.999980 0.000010
0.034929 0.023592 0.941479
0.000010 0.040225 0.959765
0.000010 0.999980 0.000010
0.937014 0.025142 0.037844
0.927596 0.000010 0.072394
0.917923 0.028755 0.053322
0.948619 0.042252 0.009129
0.898481 0.031788 0.069731
0.621099 0.095193 0.283708
0.117175 0.061360 0.821465
0.107080 0.259672 0.633248
0.879645 0.061593 0.058762
0.865040 0.079915 0.055045
0.350446 0.497267 0.152287
0.899018 0.039083 0.061899
0.796979 0.083604 0.119416
0.893963 0.021397 0.084641
0.887243 0.030615 0.082143
0.889812 0.015593 0.094596
0.847670 0.073823 0.078507
0.947839 0.035195 0.016965
0.911233 0.043353 0.045414
0.905338 0.034326 0.060335
0.948585 0.018970 0.032445
0.934520 0.020078 0.045402
0.835265 0.047478 0.117257
0.107464 0.826035 0.066500
0.132476 0.040024 0.827499
0.896202 0.062029 0.041769
0.906121 0.028262 0.065617
0.883825 0.018002 0.098173
0.859489 0.036339 0.104172
0.872569 0.037996 0.089436
0.919131 0.041813 0.039056
0.821573 0.067779 0.110647
0.846455 0.056631 0.096914
0.881150 0.030911 0.087939
0.845971 0.061551 0.092478
0.145133 0.034445 0.820422
0.928739 0.008429 0.062832
0.905797 0.049588 0.044615
0.835913 0.030449 0.133638
0.027605 0.037187 0.935208
0.055609 0.018409 0.925981
0.000010 0.000010 0.999980
0.900994 0.060122 0.038884
0.875815 0.028854 0.095331
0.599415 0.132655 0.267930
0.759013 0.081695 0.159293
0.873714 0.024960 0.101326
0.433452 0.108892 0.457657
0.924132 0.016499 0.059369
0.877305 0.053580 0.069115
0.787052 0.070145 0.142804
0.891582 0.031341 0.077077
0.816779 0.043693 0.139528
0.951866 0.017847 0.030287
0.898908 0.039646 0.061447
0.837059 0.031096 0.131845
0.887927 0.036722 0.075351
0.923951 0.056592 0.019456
0.882847 0.023130 0.094023
0.884505 0.049625 0.065871
0.099629 0.014353 0.886018
0.028942 0.030491 0.940566
0.922318 0.012213 0.065469
0.874241 0.039385 0.086374
0.909954 0.079770 0.010275
0.761756 0.030624 0.207620
0.825794 0.079933 0.094272
0.698651 0.039640 0.261709
0.904866 0.010154 0.084980
0.661645 0.114136 0.224219
0.912842 0.050634 0.036524
0.851293 0.083674 0.065033
0.884602 0.047022 0.068376
0.933026 0.031595 0.035379
0.977026 0.017486 0.005488
0.029172 0.000010 0.970818
0.131040 0.820420 0.048540
0.930148 0.063456 0.006396
0.888439 0.054543 0.057017
0.835613 0.039703 0.124685
0.872712 0.038360 0.088928
0.969243 0.000010 0.030747
0.916533 0.028776 0.054691
0.927844 0.033937 0.038219
0.925833 0.006432 0.067735
0.886617 0.054806 0.058577
0.975756 0.012858 0.011386
0.745693 0.032061 0.222246
0.948430 0.005239 0.046332
0.788048 0.057452 0.154500
0.849581 0.049809 0.100610
0.844679 0.049731 0.105590
0.866179 0.026945 0.106876
0.844560 0.056255 0.099185
0.905271 0.044457 0.050272
0.918445 0.017840 0.063715
0.908636 0.012652 0.078712
0.940559 0.043523 0.015918
0.924505 0.042996 0.032499
0.909797 0.052396 0.037807
0.103638 0.042428 0.853934
0.115604 0.017698 0.866698
0.894599 0.033125 0.072276
0.011272 0.946428 0.042300
0.925690 0.041281 0.033029
0.872415 0.078484 0.049102
0.932065 0.047260 0.020675
0.890731 0.036447 0.072822
0.879793 0.026087 0.094120
0.954841 0.028663 0.016497
0.852933 0.070856 0.076211
0.844703 0.055782 0.099515
0.878679 0.022032 0.099289
0.853755 0.015114 0.131131
0.907510 0.040875 0.051615
0.887094 0.056420 0.056486
0.781019 0.093821 0.125160
0.876092 0.024554 0.099353
0.922521 0.008920 0.068558
0.876191 0.042354 0.081455
0.000010 0.999980 0.000010
0.956726 0.009342 0.033932
0.872831 0.062994 0.064175
0.306962 0.569558 0.123480
0.923328 0.000010 0.076662
0.959942 0.040048 0.000010
0.968360 0.011899 0.019741
0.865202 0.065091 0.069707
0.000010 0.000010 0.999980
0.064566 0.036842 0.898591
0.969069 0.006220 0.024711
0.473335 0.465080 0.061585
0.817703 0.045528 0.136769
0.875504 0.047734 0.076761
0.834058 0.053180 0.112762
0.968136 0.019358 0.012506
0.914220 0.033011 0.052769
0.939829 0.011734 0.048437
0.945724 0.054266 0.000010
0.004799 0.000010 0.995191
0.015772 0.077359 0.906869
0.916036 0.015837 0.068127
0.886475 0.046329 0.067196
0.340629 0.511308 0.148063
0.899168 0.031622 0.069210
0.913737 0.049183 0.037080
0.866901 0.065977 0.067122
0.898451 0.058479 0.043070
0.867077 0.047463 0.085461
0.901831 0.023731 0.074439
0.970821 0.003305 0.025874
0.923320 0.073384 0.003297
0.953702 0.031136 0.015161
0.876127 0.035371 0.088502
0.844358 0.063730 0.091912
0.074529 0.086848 0.838623
0.836727 0.057642 0.105631
0.775814 0.090730 0.133456
0.727205 0.092567 0.180228
0.914148 0.071091 0.014760
0.916164 0.037990 0.045845
0.884202 0.033411 0.082387
0.880443 0.050598 0.068959
0.845264 0.066808 0.087928
0.896428 0.024941 0.078631
0.844695 0.074844 0.080460
0.948783 0.030850 0.020367
0.896588 0.023829 0.079583
0.921340 0.061233 0.017427
0.116495 0.009537 0.873968
0.909102 0.048490 0.042407
0.877304 0.068831 0.053865
0.962509 0.029483 0.008007
0.897908 0.070295 0.031797
0.935284 0.022012 0.042704
0.851915 0.058494 0.089591
0.884208 0.066170 0.049622
0.752865 0.055392 0.191743
0.909111 0.049261 0.041628
0.793211 0.076415 0.130374
0.921076 0.023388 0.055536
0.773606 0.103737 0.122657
0.952357 0.015002 0.032641
0.917765 0.060665 0.021570
0.934094 0.000102 0.065804
0.116578 0.041450 0.841972
0.880464 0.014899 0.104637
0.000010 0.999980 0.000010
0.438555 0.013274 0.548171
0.878099 0.041795 0.080106
0.685349 0.060946 0.253706
0.911954 0.016863 0.071183
0.907688 0.042493 0.049818
0.866818 0.042495 0.090687
0.430725 0.460549 0.108726
0.866769 0.055808 0.077424
0.873263 0.096314 0.030423
0.891003 0.030139 0.078858
0.895299 0.082608 0.022094
0.104100 0.895890 0.000010
0.763593 0.012686 0.223721
0.813500 0.032984 0.153516
0.870742 0.022758 0.106499
0.000010 0.000010 0.999980
0.788180 0.066179 0.145641
0.903650 0.021843 0.074506
0.919533 0.043880 0.036586
0.016186 0.000010 0.983804
0.920107 0.004599 0.075294
0.820232 0.063170 0.116599
0.870490 0.044079 0.085431
0.943320 0.030210 0.026470
0.069045 0.000010 0.930945
0.894024 0.063363 0.042613
0.050422 0.000010 0.949568
0.930919 0.063173 0.005908
0.851491 0.093202 0.055307
0.947533 0.029690 0.022777
0.930015 0.041788 0.028197
0.973191 0.014433 0.012376
0.935998 0.049208 0.014794
0.000010 0.999980 0.000010
0.986067 0.013923 0.000010
0.910227 0.073385 0.016388
0.851865 0.076070 0.072065
0.932074 0.009738 0.058188
0.119864 0.021632 0.858505
0.846582 0.095611 0.057807
0.889481 0.050821 0.059698
0.297907 0.128683 0.573410
0.940695 0.013654 0.045651
0.922373 0.028224 0.049403
0.898719 0.065941 0.035340
0.263253 0.067864 0.668883
0.896249 0.072768 0.030983
0.888169 0.053044 0.058787
0.041544 0.015641 0.942815
0.918770 0.046165 0.035065
0.777731 0.118302 0.103967
0.863705 0.027189 0.109105
0.923773 0.021554 0.054672
0.927279 0.045162 0.027559
0.921784 0.028755 0.049461
0.907304 0.000010 0.092686
0.920943 0.026987 0.052069
0.873803 0.051609 0.074588
0.924269 0.073219 0.002512
0.940127 0.035292 0.024582
0.935359 0.021283 0.043358
0.919552 0.077115 0.003333
0.854925 0.021109 0.123966
0.933150 0.060819 0.006030
0.936607 0.027205 0.036188
0.035104 0.000010 0.964886
0.942910 0.049822 0.007268
0.730185 0.066096 0.203719
0.887007 0.051662 0.061331
0.952155 0.000010 0.047835
0.859127 0.062784 0.078089
0.880464 0.008400 0.111136
0.754973 0.086944 0.158083
0.886240 0.038158 0.075602
0.959492 0.024689 0.015819
0.794522 0.053444 0.152034
0.900416 0.029322 0.070262
0.922734 0.065057 0.012209
0.859733 0.048525 0.091742
0.894954 0.023069 0.081977
0.883062 0.074097 0.042840
0.926613 0.054057 0.019330
0.287980 0.046249 0.665770
0.290934 0.564498 0.144568
0.974603 0.025387 0.000010
0.927916 0.019251 0.052833
0.863111 0.030899 0.105991
0.525493 0.121255 0.353253
0.314549 0.520834 0.164617
0.655922 0.101981 0.242096
0.179232 0.752212 0.068556
0.530929 0.180229 0.288842
0.919662 0.036614 0.043724
0.924294 0.053018 0.022688
0.932978 0.000010 0.067012
0.018981 0.905648 0.075370
0.919115 0.050076 0.030809
0.000010 0.999980 0.000010
0.947488 0.017313 0.035199
0.935521 0.029178 0.035300
0.797018 0.048876 0.154106
0.940505 0.039649 0.019846
0.831128 0.054336 0.114536
0.824785 0.066022 0.109192
0.782336 0.065767 0.151897
0.909870 0.044595 0.045535
0.891460 0.046959 0.061580
0.880048 0.087698 0.032254
0.920307 0.050341 0.029352
0.846002 0.039070 0.114928
0.886853 0.023277 0.089870
0.886070 0.078848 0.035082
0.987379 0.000010 0.012611
0.794159 0.061090 0.144751
0.926501 0.027397 0.046102
0.847575 0.046595 0.105829
0.933974 0.060034 0.005992
0.597927 0.158261 0.243812
0.909941 0.011409 0.078650
0.297549 0.515585 0.186866
0.884488 0.051796 0.063716
0.842334 0.069555 0.088111
0.114479 0.849992 0.035530
0.889880 0.029019 0.081101
0.933926 0.031578 0.034496
0.952704 0.043908 0.003388
0.030587 0.013439 0.955974
0.838215 0.052109 0.109675
0.888441 0.043716 0.067843
0.566546 0.141183 0.292271
0.698643 0.051041 0.250316
0.067625 0.034748 0.897627
0.079793 0.844090 0.076117
0.916340 0.044280 0.039380
0.945770 0.025138 0.029092
0.867528 0.045826 0.086646
0.857209 0.041064 0.101726
0.751007 0.084180 0.164814
0.896585 0.034431 0.068984
0.068565 0.037889 0.893547
0.939270 0.021187 0.039543
0.921156 0.004599 0.074244
0.897979 0.004188 0.097833
0.032211 0.019082 0.948707
0.883950 0.080936 0.035114
0.850445 0.090308 0.059247
0.913774 0.044388 0.041838
0.874207 0.057595 0.068197
0.904711 0.026375 0.068913
0.948989 0.051001 0.000010
0.344109 0.411231 0.244660
0.001986 0.998004 0.000010
0.856914 0.058497 0.084590
0.867799 0.032980 0.099220
0.853363 0.045690 0.100946
0.886628 0.016700 0.096671
0.898315 0.022704 0.078981
0.117462 0.016260 0.866277
0.080249 0.000010 0.919741
0.091774 0.012792 0.895434
0.867196 0.071999 0.060805
0.928841 0.005748 0.065411
0.941647 0.029404 0.028949
0.031453 0.026919 0.941628
0.965203 0.014690 0.020107
0.930524 0.020830 0.048646
0.042934 0.024660 0.932407
0.927771 0.034872 0.037357
0.901242 0.047154 0.051605
0.068193 0.018254 0.913552
0.079255 0.005989 0.914756
0.849507 0.002143 0.148351
0.917542 0.041535 0.040923
0.918898 0.020253 0.060849
0.919531 0.000010 0.080459
0.890567 0.049840 0.059593
0.911549 0.045880 0.042571
0.108137 0.771784 0.120079
0.148823 0.678333 0.172845
0.972027 0.003995 0.023978
0.000010 0.017850 0.982140
0.000010 0.021709 0.978281
0.888446 0.036346 0.075209
0.000010 0.986642 0.013348
0.872942 0.059160 0.067898
0.927822 0.000010 0.072168
0.000010 0.015909 0.984081
0.951556 0.017561 0.030883
0.716948 0.104707 0.178345
0.006510 0.000010 0.993480
0.909668 0.048017 0.042314
0.606823 0.110275 0.282902
0.070804 0.823342 0.105854
0.978840 0.000010 0.021150
0.826129 0.063636 0.110235
0.592034 0.108039 0.299927
0.926982 0.059633 0.013384
0.800309 0.086550 0.113141
0.936734 0.027961 0.035304
0.110260 0.058028 0.831713
0.021945 0.032884 0.945170
0.000010 0.000010 0.999980
0.000010 0.012923 0.987067
0.000010 0.000010 0.999980
0.972569 0.024907 0.002524
0.674168 0.097954 0.227878
0.962021 0.021367 0.016613
0.161221 0.777716 0.061063
0.969305 0.030685 0.000010
0.869372 0.034048 0.096579
0.500892 0.182911 0.316197
0.902557 0.021295 0.076149
0.893717 0.031196 0.075088
0.843162 0.037147 0.119691
0.797378 0.084860 0.117762
0.841493 0.077746 0.080761
0.853277 0.048153 0.098570
0.565032 0.131322 0.303645
0.054205 0.008588 0.937208
0.958697 0.041293 0.000010
0.317858 0.554031 0.128112
0.000010 0.000010 0.999980
0.000010 0.063488 0.936502
0.913234 0.016999 0.069768
0.000010 0.000010 0.999980
0.000010 0.003676 0.996314
0.900779 0.036574 0.062647
0.906323 0.020968 0.072708
0.962563 0.032575 0.004862
0.899004 0.028025 0.072970
0.925492 0.052176 0.022332
0.401592 0.112285 0.486123
0.888635 0.035914 0.075451
0.055917 0.000010 0.944073
0.129175 0.784441 0.086384
0.898601 0.039318 0.062080
0.000010 0.029178 0.970812
0.943443 0.026767 0.029791
0.562475 0.123529 0.313996
0.000010 0.921014 0.078976
0.997761 0.002229 0.000010
0.965827 0.016778 0.017395
0.000010 0.999980 0.000010
0.948044 0.000010 0.051946
0.897970 0.008354 0.093676
0.032406 0.000010 0.967584
0.925393 0.009725 0.064882
0.933677 0.031311 0.035012
0.930666 0.069324 0.000010
0.898712 0.024786 0.076503
0.906869 0.002804 0.090326
0.887726 0.018736 0.093538
0.926448 0.026923 0.046629
0.000010 0.013373 0.986617
0.851938 0.061648 0.086414
0.000010 0.875902 0.124088
0.056286 0.031004 0.912710
0.865620 0.019963 0.114418
0.000010 0.999980 0.000010
0.763037 0.040894 0.196070
0.711089 0.044508 0.244403
0.899649 0.022201 0.078150
0.905538 0.058460 0.036002
0.000010 0.999980 0.000010
0.917979 0.016660 0.065360
0.696716 0.103486 0.199798
0.981517 0.018473 0.000010
0.699138 0.115869 0.184993
0.126861 0.738204 0.134935
0.592370 0.072744 0.334886
0.860086 0.052753 0.087161
0.000010 0.999980 0.000010
0.623278 0.136751 0.239971
0.000010 0.050966 0.949024
0.000010 0.999980 0.000010
0.961505 0.014674 0.023821
0.895959 0.047550 0.056491
0.789427 0.049590 0.160983
0.861192 0.047973 0.090835
0.852836 0.069660 0.077504
0.060286 0.001958 0.937756
0.625881 0.087745 0.286374
0.527904 0.123544 0.348552
0.000010 0.957683 0.042307
0.000010 0.000010 0.999980
0.906184 0.040314 0.053502
0.967244 0.009214 0.023542
0.754835 0.063800 0.181365
0.958370 0.024117 0.017513
0.848931 0.029459 0.121610
0.243513 0.560961 0.195527
0.304599 0.606015 0.089386
0.000010 0.999980 0.000010
0.052759 0.019944 0.927296
0.860546 0.043163 0.096291
0.884303 0.048518 0.067179
0.059491 0.018098 0.922411
0.922530 0.032004 0.045466
0.034745 0.000010 0.965245
0.000010 0.000010 0.999980
0.723949 0.048117 0.227934
0.900789 0.023826 0.075384
0.000010 0.000010 0.999980
0.643948 0.105656 0.250395
0.035314 0.456713 0.507973
0.528988 0.119274 0.351738
0.062083 0.013852 0.924065
0.873586 0.037630 0.088785
0.058861 0.000010 0.941129
0.000010 0.000010 0.999980
0.535766 0.154355 0.309879
0.028476 0.002587 0.968937
0.801525 0.067824 0.130651
0.912304 0.043359 0.044337
0.083060 0.842937 0.074003
0.000010 0.006282 0.993708
0.000010 0.000010 0.999980
0.924710 0.018333 0.056957
0.165161 0.074919 0.759920
0.062866 0.066193 0.870941
0.954294 0.010520 0.035186
0.897625 0.072333 0.030041
0.937593 0.032855 0.029551
0.931395 0.030355 0.038251
0.079261 0.000010 0.920729
0.921024 0.024856 0.054120
0.890891 0.057882 0.051227
0.000010 0.999980 0.000010
0.000010 0.000010 0.999980
0.000010 0.000010 0.999980
0.795073 0.062845 0.142082
0.699406 0.072051 0.228543
0.904455 0.067530 0.028014
0.756763 0.101086 0.142151
0.877545 0.043633 0.078821
0.000010 0.985543 0.014447
0.909485 0.063901 0.026613
0.949853 0.005634 0.044513
0.863944 0.050977 0.085079
0.016814 0.019328 0.963858
0.000010 0.999980 0.000010
0.062779 0.005045 0.932176
0.660902 0.091911 0.247187
0.000132 0.000010 0.999858
0.790631 0.076884 0.132485
0.068100 0.896832 0.035068
0.828036 0.065647 0.106317
0.000010 0.982209 0.017781
0.000010 0.068446 0.931544
0.030584 0.969406 0.000010
0.000010 0.020740 0.979250
0.000010 0.051246 0.948744
0.000010 0.000010 0.999980
0.000010 0.000010 0.999980
0.000010 0.000010 0.999980
0.593228 0.111288 0.295485
0.040375 0.045058 0.914568
0.945350 0.003029 0.051622
0.000010 0.999980 0.000010
0.000010 0.000010 0.999980
0.027182 0.070314 0.902505
0.905421 0.031565 0.063015
0.000010 0.999980 0.000010
0.000010 0.000010 0.999980
0.717332 0.063952 0.218716
0.894092 0.067369 0.038539
0.930886 0.047530 0.021583
0.825694 0.085187 0.089119
0.000010 0.999980 0.000010
0.942155 0.045522 0.012323
0.186910 0.036968 0.776123
0.606606 0.125106 0.268287
0.885648 0.040320 0.074031
0.071770 0.038553 0.889677
0.596350 0.163471 0.240179
0.880416 0.059096 0.060488
0.908146 0.034216 0.057638
0.000010 0.000010 0.999980
0.952974 0.017027 0.029999
0.614778 0.099429 0.285792
0.000010 0.000010 0.999980
0.900494 0.042686 0.056820
0.017645 0.934891 0.047464
0.000010 0.999980 0.000010
0.618375 0.119141 0.262485
0.000010 0.010487 0.989503
0.521202 0.134871 0.343927
0.000010 0.000010 0.999980
0.000010 0.013462 0.986528
0.548901 0.166874 0.284224
0.862325 0.016875 0.120801
0.000010 0.000010 0.999980
0.841674 0.069007 0.089318
0.000010 0.970942 0.029048
0.000010 0.999980 0.000010
0.918305 0.041457 0.040238
0.908160 0.021775 0.070065
0.000010 0.988743 0.011247
0.000010 0.000010 0.999980
0.858504 0.021882 0.119614
0.000010 0.000010 0.999980
0.838787 0.054227 0.106986
0.914094 0.036876 0.049030
0.788814 0.087366 0.123820
0.878686 0.045303 0.076012
0.760975 0.066612 0.172413
0.883235 0.028155 0.088610
0.672457 0.033671 0.293871
0.838476 0.036674 0.124851
0.018578 0.017178 0.964244
0.911207 0.027530 0.061263
0.910956 0.000010 0.089034
0.056959 0.019608 0.923433
0.935185 0.042732 0.022083
0.908742 0.017977 0.073281
0.077338 0.047978 0.874684
0.841899 0.050024 0.108077
0.967177 0.000010 0.032813
0.564845 0.077485 0.357670
0.072805 0.030107 0.897088
0.894683 0.043860 0.061457
0.900544 0.033193 0.066263
0.000010 0.000010 0.999980
0.339863 0.318270 0.341868
0.000010 0.000010 0.999980
0.891030 0.048723 0.060247
0.170844 0.677280 0.151876
0.968812 0.020720 0.010468
0.735049 0.075005 0.189945
0.938965 0.014976 0.046059
0.902265 0.005389 0.092346
0.973371 0.023092 0.003537
0.712701 0.067856 0.219443
0.905458 0.033649 0.060893
0.883394 0.065405 0.051200
0.950531 0.035163 0.014307
0.000010 0.999980 0.000010
0.086431 0.000010 0.913559
0.000010 0.000010 0.999980
0.000010 0.006427 0.993563
0.693848 0.063742 0.242410
0.862249 0.046528 0.091222
0.631733 0.099919 0.268348
0.896989 0.027954 0.075056
0.620230 0.093315 0.286455
0.908074 0.032434 0.059492
0.919545 0.016436 0.064019
0.975017 0.024973 0.000010
0.942957 0.010859 0.046184
0.774146 0.062867 0.162987
0.594767 0.130100 0.275134
0.935280 0.061746 0.002974
0.945078 0.039123 0.015799
0.000010 0.961740 0.038250
0.000010 0.036563 0.963427
0.000010 0.000010 0.999980
0.913143 0.018799 0.068058
0.887808 0.054531 0.057660
0.893085 0.035803 0.071112
0.850521 0.062921 0.086558
0.776883 0.125400 0.097717
0.914003 0.058668 0.027329
0.867179 0.002535 0.130286
0.825610 0.072788 0.101602
0.428461 0.221053 0.350486
0.942113 0.000010 0.057877
0.901229 0.024406 0.074364
0.452198 0.204076 0.343727
0.926622 0.022396 0.050982
0.984891 0.000010 0.015099
0.412857 0.254626 0.332517
0.690501 0.068740 0.240759
0.141665 0.738376 0.119959
0.621704 0.122667 0.255629
0.000010 0.000010 0.999980
0.909223 0.031300 0.059477
0.900368 0.051967 0.047665
0.000010 0.999980 0.000010
0.081211 0.013085 0.905705
0.243301 0.613061 0.143637
0.504655 0.099539 0.395806
0.827041 0.024759 0.148200
0.765461 0.027896 0.206643
0.896794 0.000010 0.103196
0.493339 0.091387 0.415274
0.903245 0.000010 0.096745
0.232312 0.749633 0.018055
0.888768 0.045664 0.065568
0.648946 0.112083 0.238971
0.945681 0.039206 0.015113
0.703484 0.083981 0.212535
0.882635 0.082343 0.035022
0.790990 0.065030 0.143980
0.000010 0.036627 0.963363
0.823881 0.049751 0.126368
0.080845 0.000010 0.919145
0.130648 0.768026 0.101325
0.868367 0.059673 0.071960
0.921817 0.078173 0.000010
0.505802 0.140489 0.353709
0.721026 0.059529 0.219445
0.938697 0.040699 0.020605
0.890453 0.001322 0.108226
0.850991 0.055293 0.093716
0.906010 0.000010 0.093980
0.864049 0.022312 0.113639
0.000010 0.000010 0.999980
0.033901 0.014264 0.951835
0.872759 0.020881 0.106361
0.761084 0.046328 0.192588
0.921743 0.038168 0.040089
0.682328 0.130670 0.187002
0.906976 0.031333 0.061691
0.516850 0.071973 0.411177
0.864216 0.062533 0.073251
0.810705 0.034880 0.154415
0.000010 0.000010 0.999980
0.049108 0.846820 0.104071
0.897381 0.043517 0.059102
0.924875 0.025839 0.049286
0.071003 0.001707 0.927289
0.915664 0.016453 0.067883
0.866660 0.049590 0.083751
0.952264 0.035760 0.011976
0.894607 0.021967 0.083427
0.965574 0.026805 0.007620
0.776511 0.044774 0.178715
0.836356 0.077229 0.086416
0.000010 0.999980 0.000010
0.137053 0.041228 0.821719
0.846992 0.057867 0.095140
0.496869 0.104580 0.398551
0.000010 0.000010 0.999980
0.903716 0.041418 0.054866
0.022328 0.000010 0.977662
0.969760 0.030230 0.000010
0.923506 0.024560 0.051934
0.982265 0.017725 0.000010
0.921662 0.000010 0.078328
0.940413 0.023223 0.036364
0.916314 0.060498 0.023188
0.897892 0.073610 0.028499
0.879569 0.030873 0.089558
0.820835 0.081533 0.097632
0.851461 0.074017 0.074522
0.032978 0.020686 0.946336
0.346688 0.020859 0.632453
0.894607 0.048076 0.057318
0.000010 0.999980 0.000010
0.000010 0.040551 0.959439
0.730300 0.091438 0.178262
0.546470 0.113144 0.340386
0.976956 0.000010 0.023034
0.569686 0.089808 0.340506
0.891947 0.069084 0.038969
0.901771 0.055705 0.042524
0.845419 0.033940 0.120641
0.561176 0.029718 0.409106
0.880289 0.069270 0.050440
0.869172 0.064109 0.066719
0.062574 0.021778 0.915648
0.851361 0.051652 0.096987
0.910328 0.044435 0.045237
0.743470 0.079201 0.177329
0.950062 0.047195 0.002743
0.935944 0.029871 0.034185
0.823490 0.084883 0.091627
0.196371 0.803619 0.000010
0.929463 0.045034 0.025503
0.897427 0.019136 0.083437
0.938229 0.061563 0.000208
0.922813 0.041146 0.036041
0.813840 0.046091 0.140069
0.957538 0.027618 0.014844
0.922026 0.042992 0.034982
0.875166 0.003139 0.121695
0.000010 0.505029 0.494961
0.976868 0.005282 0.017850
0.502832 0.095402 0.401766
0.767890 0.052505 0.179605
0.877200 0.029885 0.092915
0.878492 0.035576 0.085932
0.883166 0.044743 0.072091
0.000010 0.000010 0.999980
0.877795 0.072436 0.049770
0.890755 0.050763 0.058482
0.908725 0.027311 0.063964
0.890475 0.017408 0.092116
0.866732 0.036798 0.096471
0.885854 0.065504 0.048642
0.823142 0.088286 0.088573
0.606221 0.128026 0.265753
0.980809 0.019181 0.000010
0.796767 0.098559 0.104673
0.718779 0.127023 0.154198
0.000010 0.000010 0.999980
0.890022 0.064617 0.045361
0.921456 0.006536 0.072009
0.073060 0.812524 0.114417
0.931132 0.013056 0.055812
0.000010 0.999980 0.000010
0.888530 0.049212 0.062258
0.877925 0.080224 0.041851
0.851126 0.029118 0.119756
0.913183 0.039878 0.046939
0.880520 0.075967 0.043513
0.963204 0.021830 0.014966
0.881788 0.041562 0.076650
0.000010 0.000010 0.999980
0.945618 0.000010 0.054372
0.906122 0.043913 0.049965
0.047663 0.021951 0.930386
0.902253 0.016736 0.081012
0.886701 0.019691 0.093608
0.976456 0.003633 0.019911
0.806438 0.068703 0.124858
0.000010 0.000010 0.999980
0.788360 0.088528 0.123112
0.000010 0.000010 0.999980
0.903544 0.023463 0.072993
0.773923 0.046801 0.179276
0.018388 0.000010 0.981602
0.935694 0.027349 0.036958
0.794823 0.059831 0.145346
0.899700 0.037641 0.062658
0.910672 0.051310 0.038018
0.918283 0.008348 0.073369
0.846289 0.049090 0.104621
0.904112 0.041873 0.054015
0.862443 0.080162 0.057395
0.886897 0.064915 0.048187
0.058697 0.000010 0.941293
0.918799 0.017767 0.063433
0.921958 0.040398 0.037644
0.901667 0.063952 0.034381
0.861012 0.069828 0.069160
0.958355 0.041635 0.000010
0.924285 0.035355 0.040360
0.517642 0.013863 0.468495
0.899690 0.028942 0.071368
0.949026 0.006936 0.044038
0.924960 0.049712 0.025328
0.823124 0.054559 0.122316
0.749682 0.056979 0.193339
0.376854 0.043966 0.579180
0.111836 0.888154 0.000010
0.767837 0.088754 0.143409
0.869204 0.042427 0.088369
0.006276 0.000010 0.993714
0.596348 0.127050 0.276602
0.884742 0.045477 0.069782
0.014982 0.003087 0.981931
0.000010 0.000010 0.999980
0.000010 0.999980 0.000010
0.831037 0.031110 0.137853
0.886876 0.043290 0.069834
0.796808 0.039967 0.163224
0.889303 0.071539 0.039158
0.919645 0.024048 0.056307
0.000010 0.984348 0.015642
0.925168 0.037098 0.037734
0.872780 0.012028 0.115192
0.000010 0.000010 0.999980
0.000010 0.999980 0.000010
0.867072 0.061593 0.071335
0.878596 0.079073 0.042330
0.915139 0.051611 0.033250
0.394374 0.099709 0.505917
0.000010 0.000010 0.999980
0.898266 0.031207 0.070528
0.000010 0.512172 0.487818
0.905307 0.000010 0.094683
0.067874 0.842640 0.089486
0.141617 0.701912 0.156471
0.877118 0.037024 0.085858
0.900508 0.056487 0.043005
0.904794 0.056905 0.038300
0.884411 0.030474 0.085115
0.949955 0.006039 0.044006
0.871125 0.026644 0.102230
0.900295 0.029417 0.070287
0.952421 0.025692 0.021887
0.957347 0.000010 0.042643
0.354452 0.469639 0.175910
0.908847 0.055962 0.035190
0.912177 0.025943 0.061879
0.862619 0.022138 0.115243
0.930705 0.010439 0.058856
0.103380 0.000010 0.896610
0.917096 0.033478 0.049426
0.876552 0.057019 0.066429
0.974896 0.022460 0.002644
0.879460 0.023739 0.096802
0.941292 0.054058 0.004650
0.870286 0.043284 0.086430
0.918167 0.027209 0.054624
0.912735 0.059218 0.028047
0.931950 0.049744 0.018306
0.943080 0.000010 0.056910
0.801059 0.056701 0.142240
0.910200 0.034237 0.055563
0.838854 0.043035 0.118111
0.849484 0.084355 0.066161
0.969583 0.012147 0.018270
0.954995 0.000010 0.044995
0.898933 0.028193 0.072874
0.928799 0.028209 0.042991
0.877863 0.086502 0.035635
0.819147 0.012782 0.168070
0.937051 0.000010 0.062939
0.875978 0.088089 0.035933
0.863225 0.020219 0.116555
0.880681 0.039689 0.079630
0.885897 0.044266 0.069837
0.911816 0.034340 0.053844
0.888963 0.059299 0.051738
0.890892 0.047334 0.061774
0.885077 0.065424 0.049499
0.885455 0.052516 0.062028
0.770424 0.023343 0.206233
0.887338 0.043501 0.069162
0.865696 0.047829 0.086475
0.893865 0.024178 0.081956
0.826183 0.091235 0.082582
0.942191 0.000010 0.057799
0.924024 0.031436 0.044540
0.207081 0.048090 0.744829
0.833344 0.061674 0.104982
0.880179 0.029906 0.089915
0.797016 0.043917 0.159067
0.893204 0.037054 0.069742
0.904508 0.038486 0.057007
0.791362 0.058483 0.150155
0.927705 0.019055 0.053240
0.082239 0.000010 0.917751
0.874857 0.056123 0.069019
0.840607 0.077297 0.082096
0.877990 0.044573 0.077437
0.874322 0.039939 0.085739
0.897564 0.027535 0.074901
0.902559 0.019504 0.077937
0.793032 0.009623 0.197345
0.920658 0.035163 0.044179
0.884438 0.025067 0.090495
0.957420 0.010872 0.031709
0.923154 0.003663 0.073183
0.843409 0.057132 0.099459
0.083026 0.007554 0.909420
0.853721 0.039975 0.106304
0.900586 0.034024 0.065390
0.888545 0.074217 0.037238
0.910282 0.045358 0.044361
0.935952 0.009389 0.054659
0.944636 0.037669 0.017695
0.983664 0.012633 0.003703
0.896106 0.043454 0.060440
0.917401 0.024824 0.057775
0.881787 0.050712 0.067501
0.892161 0.025612 0.082227
0.922782 0.000010 0.077208
0.830331 0.063976 0.105693
0.928236 0.016041 0.055723
0.932500 0.029639 0.037862
0.066464 0.023005 0.910532
0.850674 0.081008 0.068318
0.949776 0.029084 0.021140
0.950041 0.022339 0.027619
0.870708 0.033476 0.095816
0.947976 0.017755 0.034268
0.871988 0.037888 0.090124
0.818061 0.051717 0.130222
0.931696 0.020002 0.048302
0.880787 0.044777 0.074437
0.960192 0.025023 0.014785
0.844743 0.082278 0.072979
0.913872 0.054029 0.032099
0.956110 0.043880 0.000010
0.922026 0.002436 0.075538
0.939943 0.053102 0.006955
0.808275 0.072901 0.118824
0.878010 0.053841 0.068149
0.932653 0.001724 0.065622
0.947597 0.021654 0.030749
0.793588 0.049238 0.157174
0.930353 0.019083 0.050564
0.882461 0.045302 0.072237
0.851813 0.054367 0.093819
0.986838 0.013152 0.000010
0.859359 0.054938 0.085703
0.666141 0.093337 0.240522
0.870003 0.020852 0.109144
0.943748 0.027571 0.028681
0.893627 0.073924 0.032449
0.944468 0.045507 0.010025
0.873842 0.044098 0.082059
0.926516 0.002847 0.070636
0.922233 0.048841 0.028925
0.924961 0.033397 0.041642
0.947069 0.020785 0.032146
0.878623 0.038069 0.083308
0.910630 0.034857 0.054513
0.916760 0.025849 0.057391
0.707708 0.079362 0.212930
0.884389 0.041791 0.073819
0.799344 0.070356 0.130300
0.871690 0.048891 0.079419
0.868109 0.058991 0.072900
0.897438 0.034762 0.067800
0.969548 0.011851 0.018601
0.882036 0.011742 0.106222
0.902563 0.023106 0.074331
0.853118 0.067584 0.079297
0.879595 0.064797 0.055608
0.887465 0.059077 0.053457
0.936257 0.063530 0.000213
0.857753 0.062997 0.079250
0.852676 0.057594 0.089730
0.943107 0.005187 0.051706
0.908393 0.064021 0.027586
0.999980 0.000010 0.000010
0.549968 0.071370 0.378663
0.844621 0.063338 0.092041
0.858089 0.063277 0.078634
0.940103 0.059887 0.000010
0.895778 0.059182 0.045040
0.771514 0.093756 0.134730
0.924012 0.010201 0.065787
0.526038 0.198685 0.275277
0.815710 0.055630 0.128660
0.091647 0.015128 0.893225
0.870319 0.061962 0.067719
0.822348 0.095469 0.082183
0.922497 0.051437 0.026066
0.765345 0.064698 0.169958
0.987215 0.000010 0.012775
0.861843 0.029019 0.109139
0.846659 0.067835 0.085506
0.750928 0.053468 0.195603
0.901249 0.014702 0.084049
0.934863 0.008633 0.056504
0.845057 0.044378 0.110565
0.999980 0.000010 0.000010
0.866231 0.070392 0.063377
0.879078 0.038831 0.082091
0.728433 0.061150 0.210416
0.952751 0.000010 0.047239
0.925231 0.004556 0.070213
0.902468 0.045058 0.052474
0.911247 0.038198 0.050555
0.890251 0.030336 0.079413
0.845051 0.047115 0.107834
0.942300 0.004603 0.053097
0.930337 0.013588 0.056075
0.844311 0.041687 0.114002
0.933399 0.015325 0.051276
0.970749 0.029241 0.000010
0.631869 0.094005 0.274126
0.805213 0.037220 0.157568
0.947228 0.034853 0.017919
0.912191 0.042625 0.045183
0.603429 0.111271 0.285299
0.945484 0.012281 0.042234
0.957980 0.015356 0.026664
0.895679 0.056215 0.048106
0.852950 0.027008 0.120042
0.804342 0.065696 0.129962
0.956586 0.028907 0.014507
0.816742 0.020172 0.163086
0.918553 0.016613 0.064834
0.815617 0.084664 0.099719
0.938915 0.014754 0.046331
0.884779 0.047952 0.067269
0.873485 0.079110 0.047405
0.990176 0.009814 0.000010
0.925209 0.041050 0.033741
0.900223 0.007275 0.092502
0.892591 0.043783 0.063627
0.883964 0.013355 0.102682
0.926003 0.057008 0.016990
0.858606 0.072702 0.068691
0.906162 0.021034 0.072804
0.890881 0.017375 0.091744
0.951899 0.022594 0.025506
0.938101 0.042757 0.019141
0.946776 0.000010 0.053214
0.844429 0.034184 0.121388
0.899025 0.031118 0.069858
0.812520 0.040446 0.147034
0.898979 0.060611 0.040410
0.883558 0.032531 0.083910
0.964334 0.027971 0.007696
0.856743 0.065909 0.077348
0.889890 0.050347 0.059763
0.823848 0.054822 0.121330
0.907254 0.042002 0.050744
0.904886 0.050902 0.044213
0.935994 0.018781 0.045225
0.933329 0.018007 0.048663
0.923172 0.018219 0.058609
